Segue1           0.01000000 16.4562 17.0228 17.6717 18.3457 19.0304 15.1151 15.3429 15.5495 15.7510 15.9601 1.603e-03 4.037e-03 2.378e-02 1.070e-01 3.676e-01 1.409e-03 1.968e-03 3.535e-03 7.557e-03 4.049e-02 
Segue1           0.01120173 16.5471 17.1087 17.7406 18.3946 19.0679 15.2107 15.4377 15.6414 15.8380 16.0404 2.010e-03 4.956e-03 2.760e-02 1.177e-01 3.983e-01 1.769e-03 2.465e-03 4.362e-03 9.255e-03 4.883e-02 
Segue1           0.01254788 16.6371 17.1924 17.8070 18.4425 19.1047 15.3065 15.5327 15.7334 15.9248 16.1228 2.518e-03 6.071e-03 3.216e-02 1.297e-01 4.320e-01 2.219e-03 3.080e-03 5.379e-03 1.136e-02 5.863e-02 
Segue1           0.01405580 16.7287 17.2771 17.8736 18.4910 19.1414 15.4010 15.6269 15.8246 16.0127 16.2029 3.153e-03 7.460e-03 3.732e-02 1.430e-01 4.644e-01 2.781e-03 3.840e-03 6.631e-03 1.388e-02 7.008e-02 
Segue1           0.01574493 16.8191 17.3619 17.9408 18.5387 19.1775 15.4955 15.7179 15.9147 16.1002 16.2833 3.944e-03 9.128e-03 4.312e-02 1.588e-01 5.050e-01 3.484e-03 4.786e-03 8.160e-03 1.691e-02 8.374e-02 
Segue1           0.01763705 16.9079 17.4482 18.0102 18.5874 19.2123 15.5888 15.8100 16.0046 16.1856 16.3629 4.930e-03 1.121e-02 5.002e-02 1.756e-01 5.426e-01 4.362e-03 5.959e-03 1.001e-02 2.052e-02 1.004e-01 
Segue1           0.01975655 16.9996 17.5321 18.0763 18.6319 19.2495 15.6825 15.9021 16.0946 16.2724 16.4398 6.172e-03 1.373e-02 5.802e-02 1.933e-01 5.848e-01 5.469e-03 7.432e-03 1.231e-02 2.509e-02 1.203e-01 
Segue1           0.02213075 17.0934 17.6134 18.1420 18.6795 19.2862 15.7765 15.9942 16.1839 16.3587 16.5222 7.722e-03 1.675e-02 6.741e-02 2.133e-01 6.317e-01 6.857e-03 9.273e-03 1.513e-02 3.060e-02 1.441e-01 
Segue1           0.02479028 17.1874 17.6922 18.2061 18.7276 19.3202 15.8696 16.0849 16.2732 16.4447 16.6032 9.652e-03 2.047e-02 7.786e-02 2.360e-01 6.715e-01 8.592e-03 1.155e-02 1.856e-02 3.726e-02 1.711e-01 
Segue1           0.02776940 17.2763 17.7733 18.2718 18.7755 19.3498 15.9612 16.1740 16.3610 16.5299 16.6859 1.205e-02 2.498e-02 8.992e-02 2.584e-01 7.114e-01 1.076e-02 1.436e-02 2.274e-02 4.546e-02 2.016e-01 
Segue1           0.03110654 17.3657 17.8537 18.3350 18.8211 19.3799 16.0540 16.2634 16.4492 16.6145 16.7668 1.504e-02 3.041e-02 1.031e-01 2.835e-01 7.545e-01 1.345e-02 1.784e-02 2.780e-02 5.513e-02 2.368e-01 
Segue1           0.03484471 17.4552 17.9302 18.4008 18.8665 19.4106 16.1451 16.3533 16.5361 16.6990 16.8470 1.878e-02 3.702e-02 1.185e-01 3.133e-01 7.943e-01 1.685e-02 2.217e-02 3.404e-02 6.691e-02 2.745e-01 
Segue1           0.03903211 17.5410 18.0081 18.4623 18.9129 19.4339 16.2371 16.4427 16.6226 16.7822 16.9271 2.345e-02 4.522e-02 1.354e-01 3.498e-01 8.308e-01 2.110e-02 2.755e-02 4.154e-02 8.100e-02 3.179e-01 
Segue1           0.04372272 17.6195 18.0816 18.5241 18.9596 19.4552 16.3227 16.5312 16.7076 16.8648 17.0098 2.925e-02 5.497e-02 1.546e-01 3.868e-01 8.687e-01 2.640e-02 3.419e-02 5.061e-02 9.827e-02 3.615e-01 
Segue1           0.04897702 17.6973 18.1540 18.5825 19.0073 19.4869 16.4104 16.6189 16.7924 16.9484 17.0929 3.645e-02 6.661e-02 1.766e-01 4.255e-01 8.992e-01 3.300e-02 4.236e-02 6.153e-02 1.180e-01 4.126e-01 
Segue1           0.05486275 17.7740 18.2268 18.6421 19.0522 19.5145 16.4965 16.7045 16.8758 17.0306 17.1763 4.534e-02 8.058e-02 2.019e-01 4.711e-01 9.235e-01 4.120e-02 5.236e-02 7.467e-02 1.415e-01 4.668e-01 
Segue1           0.06145578 17.8439 18.3005 18.7000 19.0990 19.5350 16.5816 16.7874 16.9587 17.1128 17.2568 5.638e-02 9.724e-02 2.298e-01 5.162e-01 9.454e-01 5.141e-02 6.474e-02 9.043e-02 1.681e-01 5.255e-01 
Segue1           0.06884112 17.9200 18.3681 18.7573 19.1420 19.5519 16.6610 16.8672 17.0391 17.1960 17.3397 7.014e-02 1.176e-01 2.620e-01 5.650e-01 9.613e-01 6.424e-02 8.007e-02 1.095e-01 1.994e-01 5.874e-01 
Segue1           0.07711397 17.9948 18.4307 18.8142 19.1821 19.5733 16.7349 16.9489 17.1208 17.2785 17.4241 8.708e-02 1.413e-01 2.965e-01 6.132e-01 9.745e-01 8.019e-02 9.869e-02 1.323e-01 2.368e-01 6.418e-01 
Segue1           0.08638100 18.0637 18.4906 18.8691 19.2263 19.5919 16.8093 17.0245 17.2014 17.3602 17.5067 1.081e-01 1.695e-01 3.358e-01 6.622e-01 9.845e-01 9.994e-02 1.214e-01 1.593e-01 2.795e-01 6.987e-01 
Segue1           0.09676168 18.1343 18.5524 18.9212 19.2654 19.6094 16.8725 17.0973 17.2804 17.4398 17.5891 1.339e-01 2.029e-01 3.775e-01 7.094e-01 9.906e-01 1.243e-01 1.490e-01 1.912e-01 3.257e-01 7.515e-01 
Segue1           0.10838984 18.1974 18.6126 18.9716 19.3098 19.6357 16.9314 17.1678 17.3581 17.5190 17.6720 1.656e-01 2.418e-01 4.229e-01 7.620e-01 9.946e-01 1.545e-01 1.825e-01 2.292e-01 3.791e-01 8.020e-01 
Segue1           0.12141539 18.2585 18.6680 19.0208 19.3515 19.6681 16.9845 17.2375 17.4337 17.5981 17.7527 2.046e-01 2.876e-01 4.721e-01 8.096e-01 9.971e-01 1.917e-01 2.233e-01 2.740e-01 4.388e-01 8.430e-01 
Segue1           0.13600627 18.3121 18.7212 19.0681 19.3929 19.7022 17.0314 17.3031 17.5078 17.6763 17.8351 2.516e-01 3.407e-01 5.251e-01 8.530e-01 9.986e-01 2.373e-01 2.724e-01 3.263e-01 5.033e-01 8.798e-01 
Segue1           0.15235057 18.3606 18.7702 19.1155 19.4361 19.7385 17.0638 17.3665 17.5815 17.7533 17.9150 3.085e-01 4.021e-01 5.819e-01 8.901e-01 9.993e-01 2.928e-01 3.306e-01 3.870e-01 5.700e-01 9.117e-01 
Segue1           0.17065902 18.4198 18.8169 19.1604 19.4773 19.7742 17.0908 17.4263 17.6550 17.8288 17.9960 3.764e-01 4.725e-01 6.427e-01 9.211e-01 9.997e-01 3.597e-01 3.994e-01 4.567e-01 6.393e-01 9.370e-01 
Segue1           0.19116766 18.4733 18.8643 19.2036 19.5191 19.8165 17.1146 17.4817 17.7242 17.9023 18.0727 4.568e-01 5.506e-01 7.058e-01 9.464e-01 9.999e-01 4.397e-01 4.796e-01 5.358e-01 7.103e-01 9.570e-01 
Segue1           0.21414089 18.5096 18.9017 19.2417 19.5532 19.8602 17.1278 17.5359 17.7902 17.9736 18.1474 5.509e-01 6.377e-01 7.712e-01 9.664e-01 9.999e-01 5.344e-01 5.727e-01 6.244e-01 7.812e-01 9.726e-01 
Segue1           0.23987488 18.5495 18.9360 19.2746 19.5887 19.9040 17.1311 17.5830 17.8508 18.0390 18.2191 6.586e-01 7.318e-01 8.370e-01 9.807e-01 1.000e+00 6.441e-01 6.775e-01 7.209e-01 8.487e-01 9.843e-01 
Segue1           0.26870141 18.5798 18.9642 19.3057 19.6230 19.9428 17.1374 17.6238 17.9062 18.1005 18.2877 7.764e-01 8.296e-01 9.004e-01 9.904e-01 1.000e+00 7.655e-01 7.905e-01 8.217e-01 9.112e-01 9.920e-01 
Segue1           0.30099211 18.5970 18.9878 19.3329 19.6538 19.9789 17.1428 17.6570 17.9545 18.1549 18.3454 8.962e-01 9.235e-01 9.571e-01 9.967e-01 1.000e+00 8.903e-01 9.036e-01 9.194e-01 9.635e-01 9.972e-01 
Segue1           0.33716329 18.6127 19.0032 19.3543 19.6744 20.0093 17.1462 17.6776 17.9888 18.1929 18.3889 9.923e-01 9.945e-01 9.971e-01 9.998e-01 1.000e+00 9.918e-01 9.929e-01 9.942e-01 9.976e-01 9.998e-01 
Segue1           0.37768127 18.6134 19.0040 19.3555 19.6765 20.0119 17.1464 17.6794 17.9912 18.1955 18.3916 1.000e+00 1.000e+00 1.000e+00 1.000e+00 1.000e+00 1.000e+00 1.000e+00 1.000e+00 1.000e+00 1.000e+00 
Segue1           0.42306843 18.6134 19.0040 19.3555 19.6765 20.0119 17.1464 17.6794 17.9912 18.1955 18.3916 1.000e+00 1.000e+00 1.000e+00 1.000e+00 1.000e+00 1.000e+00 1.000e+00 1.000e+00 1.000e+00 1.000e+00 
Segue1           0.47390991 18.6134 19.0040 19.3555 19.6765 20.0119 17.1464 17.6794 17.9912 18.1955 18.3916 1.000e+00 1.000e+00 1.000e+00 1.000e+00 1.000e+00 1.000e+00 1.000e+00 1.000e+00 1.000e+00 1.000e+00 
Segue1           0.53086117 18.6134 19.0040 19.3555 19.6765 20.0119 17.1464 17.6794 17.9912 18.1955 18.3916 1.000e+00 1.000e+00 1.000e+00 1.000e+00 1.000e+00 1.000e+00 1.000e+00 1.000e+00 1.000e+00 1.000e+00 
Segue1           0.59465645 18.6134 19.0040 19.3555 19.6765 20.0119 17.1464 17.6794 17.9912 18.1955 18.3916 1.000e+00 1.000e+00 1.000e+00 1.000e+00 1.000e+00 1.000e+00 1.000e+00 1.000e+00 1.000e+00 1.000e+00 
Segue1           0.66611821 18.6134 19.0040 19.3555 19.6765 20.0119 17.1464 17.6794 17.9912 18.1955 18.3916 1.000e+00 1.000e+00 1.000e+00 1.000e+00 1.000e+00 1.000e+00 1.000e+00 1.000e+00 1.000e+00 1.000e+00 
Segue1           0.74616775 18.6134 19.0040 19.3555 19.6765 20.0119 17.1464 17.6794 17.9912 18.1955 18.3916 1.000e+00 1.000e+00 1.000e+00 1.000e+00 1.000e+00 1.000e+00 1.000e+00 1.000e+00 1.000e+00 1.000e+00 
Segue1           0.83583710 18.6134 19.0040 19.3555 19.6765 20.0119 17.1464 17.6794 17.9912 18.1955 18.3916 1.000e+00 1.000e+00 1.000e+00 1.000e+00 1.000e+00 1.000e+00 1.000e+00 1.000e+00 1.000e+00 1.000e+00 
Segue1           0.93628230 18.6134 19.0040 19.3555 19.6765 20.0119 17.1464 17.6794 17.9912 18.1955 18.3916 1.000e+00 1.000e+00 1.000e+00 1.000e+00 1.000e+00 1.000e+00 1.000e+00 1.000e+00 1.000e+00 1.000e+00 
Segue1           1.04879832 18.6134 19.0040 19.3555 19.6765 20.0119 17.1464 17.6794 17.9912 18.1955 18.3916 1.000e+00 1.000e+00 1.000e+00 1.000e+00 1.000e+00 1.000e+00 1.000e+00 1.000e+00 1.000e+00 1.000e+00 
Segue1           1.17483576 18.6134 19.0040 19.3555 19.6765 20.0119 17.1464 17.6794 17.9912 18.1955 18.3916 1.000e+00 1.000e+00 1.000e+00 1.000e+00 1.000e+00 1.000e+00 1.000e+00 1.000e+00 1.000e+00 1.000e+00 
Segue1           1.31601950 18.6134 19.0040 19.3555 19.6765 20.0119 17.1464 17.6794 17.9912 18.1955 18.3916 1.000e+00 1.000e+00 1.000e+00 1.000e+00 1.000e+00 1.000e+00 1.000e+00 1.000e+00 1.000e+00 1.000e+00 
Segue1           1.47416975 18.6134 19.0040 19.3555 19.6765 20.0119 17.1464 17.6794 17.9912 18.1955 18.3916 1.000e+00 1.000e+00 1.000e+00 1.000e+00 1.000e+00 1.000e+00 1.000e+00 1.000e+00 1.000e+00 1.000e+00 
Segue1           1.65132542 18.6134 19.0040 19.3555 19.6765 20.0119 17.1464 17.6794 17.9912 18.1955 18.3916 1.000e+00 1.000e+00 1.000e+00 1.000e+00 1.000e+00 1.000e+00 1.000e+00 1.000e+00 1.000e+00 1.000e+00 
Segue1           1.84977045 18.6134 19.0040 19.3555 19.6765 20.0119 17.1464 17.6794 17.9912 18.1955 18.3916 1.000e+00 1.000e+00 1.000e+00 1.000e+00 1.000e+00 1.000e+00 1.000e+00 1.000e+00 1.000e+00 1.000e+00 
Segue1           2.07206325 18.6134 19.0040 19.3555 19.6765 20.0119 17.1464 17.6794 17.9912 18.1955 18.3916 1.000e+00 1.000e+00 1.000e+00 1.000e+00 1.000e+00 1.000e+00 1.000e+00 1.000e+00 1.000e+00 1.000e+00 
Segue1           2.32106968 18.6134 19.0040 19.3555 19.6765 20.0119 17.1464 17.6794 17.9912 18.1955 18.3916 1.000e+00 1.000e+00 1.000e+00 1.000e+00 1.000e+00 1.000e+00 1.000e+00 1.000e+00 1.000e+00 1.000e+00 
Segue1           2.60000000 18.6134 19.0040 19.3555 19.6765 20.0119 17.1464 17.6794 17.9912 18.1955 18.3916 1.000e+00 1.000e+00 1.000e+00 1.000e+00 1.000e+00 1.000e+00 1.000e+00 1.000e+00 1.000e+00 1.000e+00 
