Sextans           0.01000000 13.9886 14.3167 15.1798 16.3951 17.9246 14.5410 14.6575 14.8264 15.1196 15.7308 6.466e-05 1.413e-04 2.482e-03 3.943e-02 2.394e-01 5.770e-05 7.646e-05 1.909e-04 1.720e-03 1.771e-02 
Sextans           0.01120173 14.0865 14.4110 15.2535 16.4538 17.9819 14.6392 14.7556 14.9220 15.2085 15.8158 8.121e-05 1.763e-04 2.950e-03 4.487e-02 2.605e-01 7.247e-05 9.595e-05 2.368e-04 2.116e-03 2.159e-02 
Sextans           0.01254788 14.1844 14.5069 15.3284 16.5014 18.0332 14.7376 14.8534 15.0171 15.2974 15.8991 1.019e-04 2.196e-04 3.472e-03 5.071e-02 2.859e-01 9.098e-05 1.203e-04 2.937e-04 2.598e-03 2.641e-02 
Sextans           0.01405580 14.2826 14.6021 15.4056 16.5546 18.0834 14.8360 14.9513 15.1120 15.3865 15.9781 1.278e-04 2.732e-04 4.117e-03 5.781e-02 3.172e-01 1.142e-04 1.509e-04 3.641e-04 3.221e-03 3.234e-02 
Sextans           0.01574493 14.3807 14.6969 15.4824 16.5972 18.1285 14.9343 15.0490 15.2075 15.4739 16.0657 1.602e-04 3.400e-04 4.853e-03 6.558e-02 3.507e-01 1.431e-04 1.890e-04 4.525e-04 3.985e-03 3.923e-02 
Sextans           0.01763705 14.4785 14.7928 15.5551 16.6473 18.1750 15.0325 15.1468 15.3026 15.5629 16.1499 2.007e-04 4.229e-04 5.727e-03 7.387e-02 3.907e-01 1.794e-04 2.365e-04 5.603e-04 4.896e-03 4.758e-02 
Sextans           0.01975655 14.5760 14.8884 15.6302 16.7006 18.2251 15.1307 15.2444 15.3969 15.6507 16.2279 2.519e-04 5.271e-04 6.753e-03 8.355e-02 4.288e-01 2.252e-04 2.964e-04 6.970e-04 5.993e-03 5.736e-02 
Sextans           0.02213075 14.6734 14.9846 15.7039 16.7445 18.2633 15.2285 15.3419 15.4915 15.7390 16.3079 3.160e-04 6.564e-04 8.007e-03 9.436e-02 4.653e-01 2.827e-04 3.715e-04 8.629e-04 7.336e-03 6.852e-02 
Sextans           0.02479028 14.7714 15.0789 15.7756 16.7940 18.3073 15.3262 15.4394 15.5860 15.8262 16.3836 3.963e-04 8.164e-04 9.467e-03 1.077e-01 5.049e-01 3.547e-04 4.653e-04 1.066e-03 9.029e-03 8.351e-02 
Sextans           0.02776940 14.8689 15.1725 15.8476 16.8436 18.3482 15.4237 15.5363 15.6805 15.9120 16.4599 4.966e-04 1.015e-03 1.121e-02 1.240e-01 5.551e-01 4.447e-04 5.825e-04 1.321e-03 1.101e-02 1.007e-01 
Sextans           0.03110654 14.9666 15.2661 15.9192 16.8898 18.3829 15.5214 15.6332 15.7742 16.0008 16.5350 6.220e-04 1.262e-03 1.323e-02 1.400e-01 6.017e-01 5.573e-04 7.286e-04 1.633e-03 1.344e-02 1.199e-01 
Sextans           0.03484471 15.0647 15.3604 15.9917 16.9373 18.4151 15.6185 15.7296 15.8677 16.0877 16.6118 7.797e-04 1.567e-03 1.555e-02 1.602e-01 6.445e-01 6.991e-04 9.124e-04 2.016e-03 1.642e-02 1.425e-01 
Sextans           0.03903211 15.1613 15.4531 16.0611 16.9834 18.4537 15.7160 15.8265 15.9610 16.1743 16.6854 9.780e-04 1.943e-03 1.833e-02 1.823e-01 6.890e-01 8.776e-04 1.144e-03 2.496e-03 2.005e-02 1.676e-01 
Sextans           0.04372272 15.2588 15.5453 16.1310 17.0296 18.4890 15.8142 15.9232 16.0541 16.2594 16.7568 1.226e-03 2.417e-03 2.164e-02 2.054e-01 7.358e-01 1.101e-03 1.433e-03 3.077e-03 2.430e-02 1.964e-01 
Sextans           0.04897702 15.3536 15.6366 16.2017 17.0795 18.5157 15.9116 16.0196 16.1471 16.3455 16.8259 1.535e-03 3.005e-03 2.531e-02 2.300e-01 7.753e-01 1.381e-03 1.792e-03 3.796e-03 2.961e-02 2.294e-01 
Sextans           0.05486275 15.4491 15.7284 16.2716 17.1249 18.5394 16.0090 16.1153 16.2392 16.4301 16.8876 1.922e-03 3.717e-03 2.963e-02 2.576e-01 8.164e-01 1.730e-03 2.239e-03 4.682e-03 3.599e-02 2.662e-01 
Sextans           0.06145578 15.5440 15.8207 16.3430 17.1749 18.5611 16.1061 16.2112 16.3314 16.5161 16.9480 2.405e-03 4.597e-03 3.453e-02 2.863e-01 8.510e-01 2.168e-03 2.798e-03 5.778e-03 4.379e-02 3.057e-01 
Sextans           0.06884112 15.6396 15.9139 16.4150 17.2206 18.5780 16.2032 16.3068 16.4229 16.6010 17.0076 3.016e-03 5.707e-03 4.015e-02 3.219e-01 8.854e-01 2.722e-03 3.504e-03 7.112e-03 5.317e-02 3.497e-01 
Sextans           0.07711397 15.7347 16.0065 16.4867 17.2653 18.5949 16.3001 16.4015 16.5143 16.6847 17.0618 3.778e-03 7.057e-03 4.690e-02 3.607e-01 9.128e-01 3.414e-03 4.381e-03 8.753e-03 6.439e-02 4.000e-01 
Sextans           0.08638100 15.8287 16.0977 16.5569 17.3116 18.6096 16.3965 16.4962 16.6056 16.7679 17.1120 4.731e-03 8.729e-03 5.452e-02 3.998e-01 9.356e-01 4.279e-03 5.473e-03 1.076e-02 7.786e-02 4.495e-01 
Sextans           0.09676168 15.9235 16.1877 16.6258 17.3533 18.6239 16.4925 16.5904 16.6958 16.8518 17.1604 5.917e-03 1.076e-02 6.281e-02 4.428e-01 9.547e-01 5.357e-03 6.825e-03 1.318e-02 9.378e-02 4.988e-01 
Sextans           0.10838984 16.0162 16.2769 16.6946 17.3955 18.6317 16.5875 16.6841 16.7855 16.9330 17.2023 7.403e-03 1.327e-02 7.302e-02 4.895e-01 9.683e-01 6.711e-03 8.515e-03 1.615e-02 1.122e-01 5.507e-01 
Sextans           0.12141539 16.1104 16.3650 16.7637 17.4378 18.6374 16.6829 16.7769 16.8739 17.0117 17.2387 9.271e-03 1.641e-02 8.487e-02 5.390e-01 9.793e-01 8.417e-03 1.064e-02 1.979e-02 1.352e-01 6.025e-01 
Sextans           0.13600627 16.2027 16.4537 16.8293 17.4730 18.6398 16.7780 16.8691 16.9625 17.0916 17.2729 1.160e-02 2.020e-02 9.791e-02 5.907e-01 9.871e-01 1.055e-02 1.327e-02 2.419e-02 1.611e-01 6.569e-01 
Sextans           0.15235057 16.2939 16.5402 16.8945 17.5074 18.6419 16.8710 16.9595 17.0500 17.1687 17.3107 1.450e-02 2.487e-02 1.131e-01 6.404e-01 9.924e-01 1.321e-02 1.655e-02 2.957e-02 1.899e-01 7.131e-01 
Sextans           0.17065902 16.3872 16.6266 16.9567 17.5430 18.6434 16.9647 17.0501 17.1372 17.2427 17.3532 1.811e-02 3.062e-02 1.302e-01 6.912e-01 9.956e-01 1.653e-02 2.061e-02 3.613e-02 2.228e-01 7.631e-01 
Sextans           0.19116766 16.4765 16.7120 17.0209 17.5725 18.6444 17.0581 17.1388 17.2224 17.3147 17.4082 2.259e-02 3.764e-02 1.498e-01 7.428e-01 9.975e-01 2.067e-02 2.564e-02 4.409e-02 2.589e-01 8.101e-01 
Sextans           0.21414089 16.5656 16.7947 17.0838 17.6014 18.6452 17.1480 17.2243 17.3035 17.3853 17.4821 2.820e-02 4.607e-02 1.719e-01 7.890e-01 9.987e-01 2.588e-02 3.190e-02 5.363e-02 3.004e-01 8.482e-01 
Sextans           0.23987488 16.6543 16.8780 17.1460 17.6245 18.6457 17.2326 17.3039 17.3802 17.4628 17.5694 3.523e-02 5.647e-02 1.970e-01 8.293e-01 9.993e-01 3.243e-02 3.968e-02 6.516e-02 3.446e-01 8.832e-01 
Sextans           0.26870141 16.7429 16.9591 17.2065 17.6454 18.6461 17.3034 17.3752 17.4561 17.5463 17.6593 4.397e-02 6.896e-02 2.235e-01 8.667e-01 9.997e-01 4.056e-02 4.927e-02 7.909e-02 3.943e-01 9.106e-01 
Sextans           0.30099211 16.8280 17.0343 17.2669 17.6706 18.6463 17.3525 17.4390 17.5339 17.6333 17.7492 5.477e-02 8.435e-02 2.547e-01 8.996e-01 9.998e-01 5.066e-02 6.105e-02 9.587e-02 4.454e-01 9.334e-01 
Sextans           0.33716329 16.9106 17.1111 17.3278 17.6941 18.6464 17.3791 17.4980 17.6142 17.7211 17.8391 6.814e-02 1.027e-01 2.890e-01 9.283e-01 9.999e-01 6.322e-02 7.558e-02 1.158e-01 4.957e-01 9.504e-01 
Sextans           0.37768127 16.9906 17.1831 17.3870 17.7211 18.6465 17.3915 17.5536 17.6957 17.8094 17.9308 8.478e-02 1.247e-01 3.258e-01 9.510e-01 1.000e+00 7.890e-02 9.359e-02 1.399e-01 5.531e-01 9.650e-01 
Sextans           0.42306843 17.0670 17.2506 17.4430 17.7501 18.6466 17.4002 17.6027 17.7767 17.8980 18.0206 1.053e-01 1.511e-01 3.667e-01 9.686e-01 1.000e+00 9.836e-02 1.156e-01 1.683e-01 6.089e-01 9.753e-01 
Sextans           0.47390991 17.1394 17.3153 17.4976 17.7837 18.6466 17.4080 17.6442 17.8574 17.9857 18.1094 1.306e-01 1.830e-01 4.119e-01 9.799e-01 1.000e+00 1.226e-01 1.427e-01 2.021e-01 6.606e-01 9.829e-01 
Sextans           0.53086117 17.2094 17.3729 17.5483 17.8203 18.6466 17.4136 17.6800 17.9363 18.0724 18.1988 1.618e-01 2.207e-01 4.595e-01 9.877e-01 1.000e+00 1.525e-01 1.756e-01 2.420e-01 7.142e-01 9.887e-01 
Sextans           0.59465645 17.2675 17.4252 17.5962 17.8569 18.6466 17.4161 17.7096 18.0138 18.1587 18.2862 1.997e-01 2.653e-01 5.099e-01 9.931e-01 1.000e+00 1.890e-01 2.154e-01 2.882e-01 7.674e-01 9.927e-01 
Sextans           0.66611821 17.3188 17.4696 17.6417 17.8971 18.6466 17.4198 17.7383 18.0897 18.2428 18.3738 2.459e-01 3.178e-01 5.660e-01 9.962e-01 1.000e+00 2.340e-01 2.634e-01 3.422e-01 8.111e-01 9.951e-01 
Sextans           0.74616775 17.3580 17.5084 17.6883 17.9419 18.6466 17.4225 17.7600 18.1633 18.3264 18.4593 3.026e-01 3.790e-01 6.242e-01 9.979e-01 1.000e+00 2.895e-01 3.216e-01 4.042e-01 8.534e-01 9.968e-01 
Sextans           0.83583710 17.3853 17.5394 17.7317 17.9900 18.6468 17.4238 17.7778 18.2346 18.4082 18.5434 3.705e-01 4.496e-01 6.850e-01 9.990e-01 1.000e+00 3.562e-01 3.904e-01 4.747e-01 8.892e-01 9.981e-01 
Sextans           0.93628230 17.4026 17.5649 17.7738 18.0417 18.6471 17.4243 17.7926 18.3030 18.4881 18.6255 4.509e-01 5.300e-01 7.463e-01 9.995e-01 1.000e+00 4.362e-01 4.712e-01 5.543e-01 9.199e-01 9.988e-01 
Sextans           1.04879832 17.4132 17.5850 17.8133 18.0970 18.6508 17.4246 17.8042 18.3670 18.5656 18.7057 5.447e-01 6.195e-01 8.078e-01 9.998e-01 1.000e+00 5.304e-01 5.642e-01 6.416e-01 9.447e-01 9.993e-01 
Sextans           1.17483576 17.4198 17.6042 17.8487 18.1488 18.6549 17.4247 17.8139 18.4268 18.6386 18.7851 6.527e-01 7.172e-01 8.660e-01 9.999e-01 1.000e+00 6.398e-01 6.698e-01 7.360e-01 9.659e-01 9.997e-01 
Sextans           1.31601950 17.4223 17.6179 17.8783 18.1982 18.6704 17.4248 17.8203 18.4804 18.7060 18.8561 7.716e-01 8.195e-01 9.202e-01 1.000e+00 1.000e+00 7.617e-01 7.844e-01 8.328e-01 9.816e-01 9.998e-01 
Sextans           1.47416975 17.4235 17.6260 17.9019 18.2410 18.6910 17.4254 17.8270 18.5273 18.7649 18.9197 8.932e-01 9.181e-01 9.663e-01 1.000e+00 1.000e+00 8.877e-01 9.000e-01 9.250e-01 9.930e-01 9.999e-01 
Sextans           1.65132542 17.4244 17.6296 17.9186 18.2670 18.7022 17.4262 17.8302 18.5587 18.8068 18.9645 9.911e-01 9.933e-01 9.975e-01 1.000e+00 1.000e+00 9.905e-01 9.917e-01 9.940e-01 9.995e-01 1.000e+00 
Sextans           1.84977045 17.4245 17.6299 17.9203 18.2689 18.7039 17.4263 17.8303 18.5614 18.8101 18.9680 1.000e+00 1.000e+00 1.000e+00 1.000e+00 1.000e+00 1.000e+00 1.000e+00 1.000e+00 1.000e+00 1.000e+00 
Sextans           2.07206325 17.4245 17.6299 17.9203 18.2689 18.7039 17.4263 17.8303 18.5614 18.8101 18.9680 1.000e+00 1.000e+00 1.000e+00 1.000e+00 1.000e+00 1.000e+00 1.000e+00 1.000e+00 1.000e+00 1.000e+00 
Sextans           2.32106968 17.4245 17.6299 17.9203 18.2689 18.7039 17.4263 17.8303 18.5614 18.8101 18.9680 1.000e+00 1.000e+00 1.000e+00 1.000e+00 1.000e+00 1.000e+00 1.000e+00 1.000e+00 1.000e+00 1.000e+00 
Sextans           2.60000000 17.4245 17.6299 17.9203 18.2689 18.7039 17.4263 17.8303 18.5614 18.8101 18.9680 1.000e+00 1.000e+00 1.000e+00 1.000e+00 1.000e+00 1.000e+00 1.000e+00 1.000e+00 1.000e+00 1.000e+00 

