LeoV             0.01000000 13.4196 14.4869 15.4257 16.5358 17.7213 13.6466 14.2082 14.6554 15.1466 15.6860 3.725e-02 4.982e-02 1.103e-01 3.752e-01 9.572e-01 3.579e-02 4.076e-02 5.581e-02 1.052e-01 5.419e-01 
LeoV             0.01120173 13.4935 14.5691 15.4980 16.6011 17.7695 13.7302 14.2957 14.7424 15.2319 15.7682 4.661e-02 6.155e-02 1.305e-01 4.137e-01 9.712e-01 4.484e-02 5.083e-02 6.864e-02 1.267e-01 5.917e-01 
LeoV             0.01254788 13.5676 14.6456 15.5662 16.6579 17.8185 13.8032 14.3833 14.8315 15.3156 15.8488 5.826e-02 7.593e-02 1.537e-01 4.532e-01 9.801e-01 5.612e-02 6.332e-02 8.419e-02 1.519e-01 6.468e-01 
LeoV             0.01405580 13.6444 14.7215 15.6349 16.7100 17.8627 13.8809 14.4698 14.9162 15.3981 15.9274 7.271e-02 9.352e-02 1.807e-01 4.958e-01 9.884e-01 7.016e-02 7.873e-02 1.030e-01 1.811e-01 6.917e-01 
LeoV             0.01574493 13.7157 14.7971 15.7032 16.7634 17.9090 13.9555 14.5569 15.0001 15.4808 16.0053 9.062e-02 1.150e-01 2.114e-01 5.430e-01 9.935e-01 8.759e-02 9.773e-02 1.258e-01 2.152e-01 7.391e-01 
LeoV             0.01763705 13.7905 14.8705 15.7719 16.8158 17.9432 14.0243 14.6429 15.0810 15.5626 16.0846 1.127e-01 1.410e-01 2.472e-01 5.911e-01 9.964e-01 1.092e-01 1.211e-01 1.532e-01 2.559e-01 7.848e-01 
LeoV             0.01975655 13.8676 14.9358 15.8359 16.8708 17.9801 14.0846 14.7267 15.1628 15.6442 16.1588 1.403e-01 1.727e-01 2.884e-01 6.437e-01 9.981e-01 1.362e-01 1.500e-01 1.864e-01 3.031e-01 8.313e-01 
LeoV             0.02213075 13.9353 15.0052 15.8985 16.9274 18.0196 14.1467 14.8089 15.2437 15.7199 16.2372 1.744e-01 2.109e-01 3.347e-01 6.940e-01 9.990e-01 1.696e-01 1.854e-01 2.261e-01 3.575e-01 8.713e-01 
LeoV             0.02479028 13.9943 15.0687 15.9626 16.9732 18.0598 14.1915 14.8859 15.3236 15.7906 16.3173 2.163e-01 2.568e-01 3.876e-01 7.442e-01 9.995e-01 2.108e-01 2.286e-01 2.735e-01 4.160e-01 9.014e-01 
LeoV             0.02776940 14.0586 15.1354 16.0234 17.0200 18.0971 14.2325 14.9641 15.4017 15.8673 16.3957 2.673e-01 3.116e-01 4.465e-01 7.940e-01 9.998e-01 2.611e-01 2.808e-01 3.294e-01 4.801e-01 9.270e-01 
LeoV             0.03110654 14.1250 15.2006 16.0817 17.0702 18.1264 14.2635 15.0414 15.4784 15.9379 16.4718 3.290e-01 3.760e-01 5.116e-01 8.391e-01 9.999e-01 3.224e-01 3.435e-01 3.949e-01 5.512e-01 9.477e-01 
LeoV             0.03484471 14.1620 15.2599 16.1351 17.1156 18.1589 14.3145 15.1126 15.5541 16.0109 16.5477 4.036e-01 4.519e-01 5.839e-01 8.803e-01 9.999e-01 3.967e-01 4.187e-01 4.710e-01 6.261e-01 9.632e-01 
LeoV             0.03903211 14.2063 15.3192 16.1886 17.1567 18.1859 14.3614 15.1782 15.6245 16.0820 16.6208 4.927e-01 5.397e-01 6.623e-01 9.169e-01 1.000e+00 4.858e-01 5.076e-01 5.581e-01 7.048e-01 9.759e-01 
LeoV             0.04372272 14.2488 15.3706 16.2391 17.2003 18.2254 14.3976 15.2408 15.6922 16.1485 16.6931 5.966e-01 6.392e-01 7.450e-01 9.472e-01 1.000e+00 5.901e-01 6.102e-01 6.557e-01 7.828e-01 9.847e-01 
LeoV             0.04897702 14.2856 15.4161 16.2880 17.2460 18.2619 14.4297 15.2950 15.7537 16.2110 16.7594 7.142e-01 7.483e-01 8.286e-01 9.703e-01 1.000e+00 7.086e-01 7.251e-01 7.614e-01 8.584e-01 9.914e-01 
LeoV             0.05486275 14.3157 15.4592 16.3297 17.2825 18.3050 14.4568 15.3459 15.8099 16.2678 16.8184 8.400e-01 8.617e-01 9.096e-01 9.869e-01 1.000e+00 8.363e-01 8.469e-01 8.697e-01 9.280e-01 9.963e-01 
LeoV             0.06145578 14.3403 15.4912 16.3582 17.3083 18.3309 14.4731 15.3835 15.8508 16.3139 16.8625 9.584e-01 9.648e-01 9.780e-01 9.973e-01 1.000e+00 9.573e-01 9.605e-01 9.671e-01 9.832e-01 9.993e-01 
LeoV             0.06884112 14.3465 15.5009 16.3698 17.3123 18.3416 14.4877 15.3945 15.8648 16.3273 16.8766 1.000e+00 1.000e+00 1.000e+00 1.000e+00 1.000e+00 1.000e+00 1.000e+00 1.000e+00 1.000e+00 1.000e+00 
LeoV             0.07711397 14.3465 15.5009 16.3698 17.3123 18.3416 14.4877 15.3945 15.8648 16.3273 16.8766 1.000e+00 1.000e+00 1.000e+00 1.000e+00 1.000e+00 1.000e+00 1.000e+00 1.000e+00 1.000e+00 1.000e+00 
LeoV             0.08638100 14.3465 15.5009 16.3698 17.3123 18.3416 14.4877 15.3945 15.8648 16.3273 16.8766 1.000e+00 1.000e+00 1.000e+00 1.000e+00 1.000e+00 1.000e+00 1.000e+00 1.000e+00 1.000e+00 1.000e+00 
LeoV             0.09676168 14.3465 15.5009 16.3698 17.3123 18.3416 14.4877 15.3945 15.8648 16.3273 16.8766 1.000e+00 1.000e+00 1.000e+00 1.000e+00 1.000e+00 1.000e+00 1.000e+00 1.000e+00 1.000e+00 1.000e+00 
LeoV             0.10838984 14.3465 15.5009 16.3698 17.3123 18.3416 14.4877 15.3945 15.8648 16.3273 16.8766 1.000e+00 1.000e+00 1.000e+00 1.000e+00 1.000e+00 1.000e+00 1.000e+00 1.000e+00 1.000e+00 1.000e+00 
LeoV             0.12141539 14.3465 15.5009 16.3698 17.3123 18.3416 14.4877 15.3945 15.8648 16.3273 16.8766 1.000e+00 1.000e+00 1.000e+00 1.000e+00 1.000e+00 1.000e+00 1.000e+00 1.000e+00 1.000e+00 1.000e+00 
LeoV             0.13600627 14.3465 15.5009 16.3698 17.3123 18.3416 14.4877 15.3945 15.8648 16.3273 16.8766 1.000e+00 1.000e+00 1.000e+00 1.000e+00 1.000e+00 1.000e+00 1.000e+00 1.000e+00 1.000e+00 1.000e+00 
LeoV             0.15235057 14.3465 15.5009 16.3698 17.3123 18.3416 14.4877 15.3945 15.8648 16.3273 16.8766 1.000e+00 1.000e+00 1.000e+00 1.000e+00 1.000e+00 1.000e+00 1.000e+00 1.000e+00 1.000e+00 1.000e+00 
LeoV             0.17065902 14.3465 15.5009 16.3698 17.3123 18.3416 14.4877 15.3945 15.8648 16.3273 16.8766 1.000e+00 1.000e+00 1.000e+00 1.000e+00 1.000e+00 1.000e+00 1.000e+00 1.000e+00 1.000e+00 1.000e+00 
LeoV             0.19116766 14.3465 15.5009 16.3698 17.3123 18.3416 14.4877 15.3945 15.8648 16.3273 16.8766 1.000e+00 1.000e+00 1.000e+00 1.000e+00 1.000e+00 1.000e+00 1.000e+00 1.000e+00 1.000e+00 1.000e+00 
LeoV             0.21414089 14.3465 15.5009 16.3698 17.3123 18.3416 14.4877 15.3945 15.8648 16.3273 16.8766 1.000e+00 1.000e+00 1.000e+00 1.000e+00 1.000e+00 1.000e+00 1.000e+00 1.000e+00 1.000e+00 1.000e+00 
LeoV             0.23987488 14.3465 15.5009 16.3698 17.3123 18.3416 14.4877 15.3945 15.8648 16.3273 16.8766 1.000e+00 1.000e+00 1.000e+00 1.000e+00 1.000e+00 1.000e+00 1.000e+00 1.000e+00 1.000e+00 1.000e+00 
LeoV             0.26870141 14.3465 15.5009 16.3698 17.3123 18.3416 14.4877 15.3945 15.8648 16.3273 16.8766 1.000e+00 1.000e+00 1.000e+00 1.000e+00 1.000e+00 1.000e+00 1.000e+00 1.000e+00 1.000e+00 1.000e+00 
LeoV             0.30099211 14.3465 15.5009 16.3698 17.3123 18.3416 14.4877 15.3945 15.8648 16.3273 16.8766 1.000e+00 1.000e+00 1.000e+00 1.000e+00 1.000e+00 1.000e+00 1.000e+00 1.000e+00 1.000e+00 1.000e+00 
LeoV             0.33716329 14.3465 15.5009 16.3698 17.3123 18.3416 14.4877 15.3945 15.8648 16.3273 16.8766 1.000e+00 1.000e+00 1.000e+00 1.000e+00 1.000e+00 1.000e+00 1.000e+00 1.000e+00 1.000e+00 1.000e+00 
LeoV             0.37768127 14.3465 15.5009 16.3698 17.3123 18.3416 14.4877 15.3945 15.8648 16.3273 16.8766 1.000e+00 1.000e+00 1.000e+00 1.000e+00 1.000e+00 1.000e+00 1.000e+00 1.000e+00 1.000e+00 1.000e+00 
LeoV             0.42306843 14.3465 15.5009 16.3698 17.3123 18.3416 14.4877 15.3945 15.8648 16.3273 16.8766 1.000e+00 1.000e+00 1.000e+00 1.000e+00 1.000e+00 1.000e+00 1.000e+00 1.000e+00 1.000e+00 1.000e+00 
LeoV             0.47390991 14.3465 15.5009 16.3698 17.3123 18.3416 14.4877 15.3945 15.8648 16.3273 16.8766 1.000e+00 1.000e+00 1.000e+00 1.000e+00 1.000e+00 1.000e+00 1.000e+00 1.000e+00 1.000e+00 1.000e+00 
LeoV             0.53086117 14.3465 15.5009 16.3698 17.3123 18.3416 14.4877 15.3945 15.8648 16.3273 16.8766 1.000e+00 1.000e+00 1.000e+00 1.000e+00 1.000e+00 1.000e+00 1.000e+00 1.000e+00 1.000e+00 1.000e+00 
LeoV             0.59465645 14.3465 15.5009 16.3698 17.3123 18.3416 14.4877 15.3945 15.8648 16.3273 16.8766 1.000e+00 1.000e+00 1.000e+00 1.000e+00 1.000e+00 1.000e+00 1.000e+00 1.000e+00 1.000e+00 1.000e+00 
LeoV             0.66611821 14.3465 15.5009 16.3698 17.3123 18.3416 14.4877 15.3945 15.8648 16.3273 16.8766 1.000e+00 1.000e+00 1.000e+00 1.000e+00 1.000e+00 1.000e+00 1.000e+00 1.000e+00 1.000e+00 1.000e+00 
LeoV             0.74616775 14.3465 15.5009 16.3698 17.3123 18.3416 14.4877 15.3945 15.8648 16.3273 16.8766 1.000e+00 1.000e+00 1.000e+00 1.000e+00 1.000e+00 1.000e+00 1.000e+00 1.000e+00 1.000e+00 1.000e+00 
LeoV             0.83583710 14.3465 15.5009 16.3698 17.3123 18.3416 14.4877 15.3945 15.8648 16.3273 16.8766 1.000e+00 1.000e+00 1.000e+00 1.000e+00 1.000e+00 1.000e+00 1.000e+00 1.000e+00 1.000e+00 1.000e+00 
LeoV             0.93628230 14.3465 15.5009 16.3698 17.3123 18.3416 14.4877 15.3945 15.8648 16.3273 16.8766 1.000e+00 1.000e+00 1.000e+00 1.000e+00 1.000e+00 1.000e+00 1.000e+00 1.000e+00 1.000e+00 1.000e+00 
LeoV             1.04879832 14.3465 15.5009 16.3698 17.3123 18.3416 14.4877 15.3945 15.8648 16.3273 16.8766 1.000e+00 1.000e+00 1.000e+00 1.000e+00 1.000e+00 1.000e+00 1.000e+00 1.000e+00 1.000e+00 1.000e+00 
LeoV             1.17483576 14.3465 15.5009 16.3698 17.3123 18.3416 14.4877 15.3945 15.8648 16.3273 16.8766 1.000e+00 1.000e+00 1.000e+00 1.000e+00 1.000e+00 1.000e+00 1.000e+00 1.000e+00 1.000e+00 1.000e+00 
LeoV             1.31601950 14.3465 15.5009 16.3698 17.3123 18.3416 14.4877 15.3945 15.8648 16.3273 16.8766 1.000e+00 1.000e+00 1.000e+00 1.000e+00 1.000e+00 1.000e+00 1.000e+00 1.000e+00 1.000e+00 1.000e+00 
LeoV             1.47416975 14.3465 15.5009 16.3698 17.3123 18.3416 14.4877 15.3945 15.8648 16.3273 16.8766 1.000e+00 1.000e+00 1.000e+00 1.000e+00 1.000e+00 1.000e+00 1.000e+00 1.000e+00 1.000e+00 1.000e+00 
LeoV             1.65132542 14.3465 15.5009 16.3698 17.3123 18.3416 14.4877 15.3945 15.8648 16.3273 16.8766 1.000e+00 1.000e+00 1.000e+00 1.000e+00 1.000e+00 1.000e+00 1.000e+00 1.000e+00 1.000e+00 1.000e+00 
LeoV             1.84977045 14.3465 15.5009 16.3698 17.3123 18.3416 14.4877 15.3945 15.8648 16.3273 16.8766 1.000e+00 1.000e+00 1.000e+00 1.000e+00 1.000e+00 1.000e+00 1.000e+00 1.000e+00 1.000e+00 1.000e+00 
LeoV             2.07206325 14.3465 15.5009 16.3698 17.3123 18.3416 14.4877 15.3945 15.8648 16.3273 16.8766 1.000e+00 1.000e+00 1.000e+00 1.000e+00 1.000e+00 1.000e+00 1.000e+00 1.000e+00 1.000e+00 1.000e+00 
LeoV             2.32106968 14.3465 15.5009 16.3698 17.3123 18.3416 14.4877 15.3945 15.8648 16.3273 16.8766 1.000e+00 1.000e+00 1.000e+00 1.000e+00 1.000e+00 1.000e+00 1.000e+00 1.000e+00 1.000e+00 1.000e+00 
LeoV             2.60000000 14.3465 15.5009 16.3698 17.3123 18.3416 14.4877 15.3945 15.8648 16.3273 16.8766 1.000e+00 1.000e+00 1.000e+00 1.000e+00 1.000e+00 1.000e+00 1.000e+00 1.000e+00 1.000e+00 1.000e+00 

