Draco             0.01000000 15.7854 16.0001 16.5469 17.2762 17.7393 15.2966 15.3694 15.4712 15.5999 15.7116 2.682e-04 6.995e-04 3.095e-03 2.155e-02 6.641e-02 1.375e-04 2.032e-04 3.279e-04 5.904e-04 1.257e-03 
Draco             0.01120173 15.8818 16.0943 16.6215 17.3249 17.7757 15.3949 15.4670 15.5666 15.6897 15.7975 3.355e-04 8.720e-04 3.667e-03 2.399e-02 7.245e-02 1.725e-04 2.542e-04 4.082e-04 7.254e-04 1.545e-03 
Draco             0.01254788 15.9788 16.1888 16.6972 17.3727 17.8113 15.4932 15.5649 15.6612 15.7787 15.8838 4.200e-04 1.080e-03 4.366e-03 2.690e-02 7.856e-02 2.161e-04 3.178e-04 5.072e-04 8.928e-04 1.905e-03 
Draco             0.01405580 16.0758 16.2829 16.7715 17.4208 17.8449 15.5913 15.6624 15.7559 15.8680 15.9706 5.233e-04 1.336e-03 5.193e-03 3.009e-02 8.557e-02 2.706e-04 3.972e-04 6.295e-04 1.098e-03 2.338e-03 
Draco             0.01574493 16.1729 16.3766 16.8459 17.4698 17.8783 15.6890 15.7596 15.8502 15.9571 16.0562 6.516e-04 1.651e-03 6.199e-03 3.379e-02 9.303e-02 3.387e-04 4.961e-04 7.816e-04 1.349e-03 2.863e-03 
Draco             0.01763705 16.2706 16.4701 16.9213 17.5165 17.9132 15.7868 15.8568 15.9446 16.0463 16.1417 8.070e-04 2.036e-03 7.381e-03 3.821e-02 1.012e-01 4.239e-04 6.191e-04 9.683e-04 1.659e-03 3.512e-03 
Draco             0.01975655 16.3664 16.5639 16.9953 17.5647 17.9480 15.8840 15.9537 16.0387 16.1349 16.2276 1.004e-03 2.517e-03 8.781e-03 4.272e-02 1.106e-01 5.318e-04 7.730e-04 1.203e-03 2.046e-03 4.328e-03 
Draco             0.02213075 16.4620 16.6567 17.0694 17.6126 17.9845 15.9818 16.0507 16.1325 16.2238 16.3129 1.257e-03 3.106e-03 1.037e-02 4.760e-02 1.202e-01 6.665e-04 9.647e-04 1.492e-03 2.524e-03 5.321e-03 
Draco             0.02479028 16.5576 16.7499 17.1439 17.6590 18.0216 16.0794 16.1473 16.2259 16.3128 16.3979 1.568e-03 3.837e-03 1.238e-02 5.328e-02 1.309e-01 8.348e-04 1.202e-03 1.848e-03 3.107e-03 6.518e-03 
Draco             0.02776940 16.6538 16.8423 17.2173 17.7067 18.0563 16.1768 16.2440 16.3193 16.4018 16.4833 1.952e-03 4.719e-03 1.468e-02 5.964e-02 1.423e-01 1.044e-03 1.496e-03 2.287e-03 3.823e-03 8.000e-03 
Draco             0.03110654 16.7486 16.9346 17.2889 17.7545 18.0911 16.2738 16.3403 16.4122 16.4902 16.5688 2.415e-03 5.786e-03 1.740e-02 6.670e-02 1.558e-01 1.306e-03 1.862e-03 2.826e-03 4.707e-03 9.803e-03 
Draco             0.03484471 16.8447 17.0254 17.3628 17.8017 18.1244 16.3706 16.4359 16.5050 16.5786 16.6530 2.986e-03 7.118e-03 2.058e-02 7.473e-02 1.706e-01 1.634e-03 2.322e-03 3.488e-03 5.795e-03 1.202e-02 
Draco             0.03903211 16.9397 17.1161 17.4351 17.8491 18.1591 16.4671 16.5310 16.5972 16.6677 16.7380 3.713e-03 8.770e-03 2.430e-02 8.348e-02 1.867e-01 2.045e-03 2.894e-03 4.310e-03 7.150e-03 1.478e-02 
Draco             0.04372272 17.0343 17.2066 17.5076 17.8972 18.1960 16.5638 16.6258 16.6894 16.7560 16.8236 4.604e-03 1.075e-02 2.879e-02 9.320e-02 2.067e-01 2.557e-03 3.602e-03 5.327e-03 8.804e-03 1.818e-02 
Draco             0.04897702 17.1285 17.2957 17.5783 17.9444 18.2312 16.6594 16.7202 16.7814 16.8445 16.9101 5.686e-03 1.320e-02 3.406e-02 1.045e-01 2.267e-01 3.193e-03 4.477e-03 6.565e-03 1.083e-02 2.219e-02 
Draco             0.05486275 17.2215 17.3845 17.6484 17.9918 18.2664 16.7551 16.8135 16.8725 16.9334 16.9978 7.028e-03 1.605e-02 4.015e-02 1.173e-01 2.475e-01 3.990e-03 5.548e-03 8.085e-03 1.331e-02 2.695e-02 
Draco             0.06145578 17.3152 17.4726 17.7197 18.0385 18.3025 16.8499 16.9071 16.9636 17.0226 17.0842 8.660e-03 1.951e-02 4.746e-02 1.313e-01 2.722e-01 4.980e-03 6.886e-03 9.962e-03 1.634e-02 3.260e-02 
Draco             0.06884112 17.4084 17.5598 17.7895 18.0844 18.3378 16.9439 16.9995 17.0539 17.1115 17.1714 1.066e-02 2.369e-02 5.617e-02 1.466e-01 2.980e-01 6.226e-03 8.540e-03 1.227e-02 2.012e-02 3.970e-02 
Draco             0.07711397 17.5009 17.6457 17.8580 18.1322 18.3731 17.0377 17.0914 17.1445 17.1998 17.2583 1.311e-02 2.875e-02 6.572e-02 1.641e-01 3.262e-01 7.777e-03 1.059e-02 1.507e-02 2.462e-02 4.850e-02 
Draco             0.08638100 17.5914 17.7312 17.9258 18.1795 18.4086 17.1300 17.1822 17.2342 17.2889 17.3446 1.614e-02 3.475e-02 7.712e-02 1.835e-01 3.565e-01 9.704e-03 1.311e-02 1.853e-02 3.020e-02 5.872e-02 
Draco             0.09676168 17.6816 17.8141 17.9944 18.2265 18.4432 17.2198 17.2723 17.3236 17.3772 17.4322 1.985e-02 4.187e-02 9.036e-02 2.046e-01 3.906e-01 1.209e-02 1.620e-02 2.273e-02 3.690e-02 7.075e-02 
Draco             0.10838984 17.7691 17.8970 18.0625 18.2742 18.4817 17.3090 17.3609 17.4125 17.4658 17.5202 2.438e-02 5.031e-02 1.053e-01 2.281e-01 4.273e-01 1.507e-02 2.001e-02 2.784e-02 4.508e-02 8.574e-02 
Draco             0.12141539 17.8551 17.9779 18.1299 18.3219 18.5184 17.3960 17.4485 17.5017 17.5545 17.6087 3.000e-02 6.080e-02 1.228e-01 2.553e-01 4.636e-01 1.879e-02 2.474e-02 3.404e-02 5.498e-02 1.041e-01 
Draco             0.13600627 17.9383 18.0571 18.1966 18.3693 18.5549 17.4803 17.5345 17.5897 17.6436 17.6981 3.687e-02 7.273e-02 1.429e-01 2.847e-01 5.033e-01 2.338e-02 3.056e-02 4.159e-02 6.704e-02 1.264e-01 
Draco             0.15235057 18.0183 18.1332 18.2622 18.4178 18.5912 17.5612 17.6195 17.6776 17.7322 17.7881 4.527e-02 8.682e-02 1.661e-01 3.169e-01 5.427e-01 2.907e-02 3.759e-02 5.074e-02 8.152e-02 1.519e-01 
Draco             0.17065902 18.0953 18.2061 18.3268 18.4662 18.6279 17.6406 17.7036 17.7644 17.8206 17.8777 5.550e-02 1.036e-01 1.919e-01 3.507e-01 5.867e-01 3.604e-02 4.621e-02 6.172e-02 9.895e-02 1.799e-01 
Draco             0.19116766 18.1692 18.2783 18.3882 18.5166 18.6659 17.7183 17.7857 17.8501 17.9092 17.9676 6.763e-02 1.223e-01 2.208e-01 3.889e-01 6.341e-01 4.467e-02 5.676e-02 7.488e-02 1.196e-01 2.132e-01 
Draco             0.21414089 18.2425 18.3472 18.4495 18.5676 18.7082 17.7927 17.8662 17.9353 17.9976 18.0563 8.256e-02 1.441e-01 2.530e-01 4.321e-01 6.832e-01 5.538e-02 6.960e-02 9.094e-02 1.437e-01 2.512e-01 
Draco             0.23987488 18.3091 18.4096 18.5094 18.6187 18.7471 17.8640 17.9451 18.0190 18.0849 18.1458 1.004e-01 1.696e-01 2.889e-01 4.796e-01 7.325e-01 6.865e-02 8.532e-02 1.101e-01 1.730e-01 2.971e-01 
Draco             0.26870141 18.3692 18.4677 18.5673 18.6711 18.7908 17.9337 18.0225 18.1023 18.1718 18.2343 1.215e-01 1.990e-01 3.283e-01 5.296e-01 7.827e-01 8.488e-02 1.041e-01 1.329e-01 2.074e-01 3.486e-01 
Draco             0.30099211 18.4251 18.5228 18.6223 18.7240 18.8377 17.9991 18.0977 18.1836 18.2575 18.3232 1.465e-01 2.326e-01 3.719e-01 5.861e-01 8.258e-01 1.047e-01 1.269e-01 1.599e-01 2.470e-01 4.008e-01 
Draco             0.33716329 18.4757 18.5735 18.6754 18.7772 18.8891 18.0597 18.1707 18.2634 18.3424 18.4118 1.764e-01 2.701e-01 4.197e-01 6.418e-01 8.649e-01 1.286e-01 1.541e-01 1.917e-01 2.928e-01 4.594e-01 
Draco             0.37768127 18.5176 18.6175 18.7254 18.8308 18.9431 18.1167 18.2411 18.3415 18.4261 18.4991 2.122e-01 3.130e-01 4.700e-01 6.976e-01 9.020e-01 1.581e-01 1.869e-01 2.290e-01 3.439e-01 5.234e-01 
Draco             0.42306843 18.5542 18.6583 18.7724 18.8847 18.9999 18.1709 18.3089 18.4178 18.5077 18.5850 2.541e-01 3.613e-01 5.234e-01 7.538e-01 9.301e-01 1.943e-01 2.258e-01 2.728e-01 4.014e-01 5.899e-01 
Draco             0.47390991 18.5830 18.6948 18.8165 18.9373 19.0577 18.2203 18.3739 18.4913 18.5876 18.6710 3.018e-01 4.148e-01 5.793e-01 8.065e-01 9.544e-01 2.379e-01 2.719e-01 3.235e-01 4.651e-01 6.589e-01 
Draco             0.53086117 18.6072 18.7275 18.8570 18.9876 19.1134 18.2668 18.4355 18.5624 18.6660 18.7539 3.593e-01 4.731e-01 6.371e-01 8.545e-01 9.715e-01 2.895e-01 3.263e-01 3.819e-01 5.343e-01 7.229e-01 
Draco             0.59465645 18.6259 18.7545 18.8949 19.0350 19.1716 18.3041 18.4939 18.6305 18.7411 18.8366 4.252e-01 5.369e-01 6.951e-01 8.947e-01 9.834e-01 3.510e-01 3.894e-01 4.478e-01 6.057e-01 7.850e-01 
Draco             0.66611821 18.6413 18.7779 18.9288 19.0818 19.2303 18.3366 18.5474 18.6960 18.8139 18.9160 4.975e-01 6.047e-01 7.522e-01 9.284e-01 9.908e-01 4.239e-01 4.626e-01 5.231e-01 6.788e-01 8.412e-01 
Draco             0.74616775 18.6508 18.7987 18.9598 19.1249 19.2840 18.3664 18.5951 18.7580 18.8846 18.9924 5.803e-01 6.774e-01 8.083e-01 9.543e-01 9.954e-01 5.086e-01 5.463e-01 6.059e-01 7.520e-01 8.877e-01 
Draco             0.83583710 18.6581 18.8150 18.9878 19.1644 19.3393 18.3891 18.6368 18.8150 18.9514 19.0659 6.700e-01 7.530e-01 8.617e-01 9.733e-01 9.980e-01 6.049e-01 6.395e-01 6.945e-01 8.205e-01 9.274e-01 
Draco             0.93628230 18.6624 18.8282 19.0105 19.1994 19.3899 18.4072 18.6744 18.8678 19.0129 19.1350 7.651e-01 8.291e-01 9.102e-01 9.862e-01 9.992e-01 7.120e-01 7.404e-01 7.864e-01 8.836e-01 9.581e-01 
Draco             1.04879832 18.6650 18.8368 19.0303 19.2290 19.4359 18.4219 18.7024 18.9137 19.0685 19.1953 8.613e-01 9.025e-01 9.520e-01 9.941e-01 9.997e-01 8.259e-01 8.453e-01 8.770e-01 9.387e-01 9.805e-01 
Draco             1.17483576 18.6670 18.8427 19.0449 19.2558 19.4723 18.4313 18.7217 18.9517 19.1137 19.2448 9.501e-01 9.661e-01 9.845e-01 9.985e-01 9.999e-01 9.355e-01 9.436e-01 9.569e-01 9.804e-01 9.944e-01 
Draco             1.31601950 18.6674 18.8451 19.0521 19.2687 19.4891 18.4333 18.7318 18.9707 19.1370 19.2712 9.995e-01 9.997e-01 9.999e-01 1.000e+00 1.000e+00 9.994e-01 9.995e-01 9.996e-01 9.998e-01 1.000e+00 
Draco             1.47416975 18.6674 18.8451 19.0522 19.2688 19.4892 18.4333 18.7318 18.9709 19.1372 19.2715 1.000e+00 1.000e+00 1.000e+00 1.000e+00 1.000e+00 1.000e+00 1.000e+00 1.000e+00 1.000e+00 1.000e+00 
Draco             1.65132542 18.6674 18.8451 19.0522 19.2688 19.4892 18.4333 18.7318 18.9709 19.1372 19.2715 1.000e+00 1.000e+00 1.000e+00 1.000e+00 1.000e+00 1.000e+00 1.000e+00 1.000e+00 1.000e+00 1.000e+00 
Draco             1.84977045 18.6674 18.8451 19.0522 19.2688 19.4892 18.4333 18.7318 18.9709 19.1372 19.2715 1.000e+00 1.000e+00 1.000e+00 1.000e+00 1.000e+00 1.000e+00 1.000e+00 1.000e+00 1.000e+00 1.000e+00 
Draco             2.07206325 18.6674 18.8451 19.0522 19.2688 19.4892 18.4333 18.7318 18.9709 19.1372 19.2715 1.000e+00 1.000e+00 1.000e+00 1.000e+00 1.000e+00 1.000e+00 1.000e+00 1.000e+00 1.000e+00 1.000e+00 
Draco             2.32106968 18.6674 18.8451 19.0522 19.2688 19.4892 18.4333 18.7318 18.9709 19.1372 19.2715 1.000e+00 1.000e+00 1.000e+00 1.000e+00 1.000e+00 1.000e+00 1.000e+00 1.000e+00 1.000e+00 1.000e+00 
Draco             2.60000000 18.6674 18.8451 19.0522 19.2688 19.4892 18.4333 18.7318 18.9709 19.1372 19.2715 1.000e+00 1.000e+00 1.000e+00 1.000e+00 1.000e+00 1.000e+00 1.000e+00 1.000e+00 1.000e+00 1.000e+00 
