LeoII            0.01000000 16.0694 16.5147 17.0556 17.6234 18.1961 15.3012 15.4022 15.5165 15.6674 15.8318 7.301e-03 3.345e-02 1.454e-01 4.379e-01 7.232e-01 4.166e-03 7.175e-03 1.759e-02 7.545e-02 1.678e-01 
LeoII            0.01120173 16.1609 16.5893 17.1052 17.6646 18.2218 15.3956 15.4934 15.6022 15.7461 15.9028 9.101e-03 3.973e-02 1.648e-01 4.845e-01 7.608e-01 5.220e-03 8.845e-03 2.143e-02 9.074e-02 1.992e-01 
LeoII            0.01254788 16.2505 16.6633 17.1586 17.7062 18.2453 15.4900 15.5841 15.6869 15.8231 15.9719 1.130e-02 4.680e-02 1.852e-01 5.323e-01 7.944e-01 6.523e-03 1.090e-02 2.614e-02 1.086e-01 2.340e-01 
LeoII            0.01405580 16.3396 16.7372 17.2066 17.7428 18.2643 15.5853 15.6745 15.7713 15.8983 16.0368 1.387e-02 5.481e-02 2.082e-01 5.799e-01 8.287e-01 8.130e-03 1.341e-02 3.176e-02 1.289e-01 2.719e-01 
LeoII            0.01574493 16.4295 16.8086 17.2533 17.7812 18.2791 15.6792 15.7636 15.8552 15.9721 16.0978 1.696e-02 6.399e-02 2.336e-01 6.266e-01 8.603e-01 1.013e-02 1.645e-02 3.853e-02 1.522e-01 3.133e-01 
LeoII            0.01763705 16.5195 16.8785 17.2987 17.8141 18.2914 15.7714 15.8523 15.9372 16.0450 16.1599 2.071e-02 7.492e-02 2.620e-01 6.762e-01 8.887e-01 1.263e-02 2.021e-02 4.670e-02 1.797e-01 3.604e-01 
LeoII            0.01975655 16.6079 16.9480 17.3465 17.8448 18.3031 15.8633 15.9395 16.0190 16.1162 16.2213 2.537e-02 8.713e-02 2.931e-01 7.243e-01 9.140e-01 1.576e-02 2.481e-02 5.655e-02 2.115e-01 4.126e-01 
LeoII            0.02213075 16.6945 17.0183 17.3922 17.8719 18.3129 15.9525 16.0251 16.1001 16.1859 16.2795 3.100e-02 1.006e-01 3.273e-01 7.685e-01 9.353e-01 1.962e-02 3.044e-02 6.851e-02 2.456e-01 4.675e-01 
LeoII            0.02479028 16.7796 17.0849 17.4359 17.8952 18.3213 16.0407 16.1089 16.1790 16.2545 16.3393 3.793e-02 1.163e-01 3.679e-01 8.101e-01 9.534e-01 2.441e-02 3.729e-02 8.239e-02 2.849e-01 5.242e-01 
LeoII            0.02776940 16.8657 17.1484 17.4801 17.9175 18.3296 16.1279 16.1902 16.2559 16.3240 16.3999 4.638e-02 1.348e-01 4.097e-01 8.482e-01 9.679e-01 3.032e-02 4.554e-02 9.926e-02 3.279e-01 5.794e-01 
LeoII            0.03110654 16.9501 17.2089 17.5222 17.9358 18.3361 16.2096 16.2688 16.3294 16.3941 16.4656 5.687e-02 1.563e-01 4.514e-01 8.830e-01 9.782e-01 3.767e-02 5.546e-02 1.190e-01 3.747e-01 6.359e-01 
LeoII            0.03484471 17.0315 17.2706 17.5619 17.9499 18.3427 16.2824 16.3402 16.4003 16.4658 16.5338 6.925e-02 1.799e-01 4.973e-01 9.125e-01 9.863e-01 4.676e-02 6.755e-02 1.423e-01 4.242e-01 6.956e-01 
LeoII            0.03903211 17.1090 17.3308 17.5990 17.9635 18.3452 16.3439 16.4052 16.4692 16.5405 16.6117 8.456e-02 2.059e-01 5.441e-01 9.369e-01 9.920e-01 5.793e-02 8.227e-02 1.691e-01 4.746e-01 7.487e-01 
LeoII            0.04372272 17.1870 17.3896 17.6342 17.9732 18.3487 16.3921 16.4627 16.5386 16.6181 16.6919 1.027e-01 2.354e-01 5.918e-01 9.562e-01 9.956e-01 7.163e-02 9.987e-02 1.996e-01 5.268e-01 7.969e-01 
LeoII            0.04897702 17.2597 17.4449 17.6680 17.9815 18.3511 16.4274 16.5121 16.6078 16.6970 16.7736 1.245e-01 2.685e-01 6.405e-01 9.705e-01 9.976e-01 8.856e-02 1.209e-01 2.349e-01 5.799e-01 8.423e-01 
LeoII            0.05486275 17.3293 17.4981 17.7010 17.9901 18.3535 16.4536 16.5547 16.6759 16.7763 16.8554 1.507e-01 3.066e-01 6.910e-01 9.806e-01 9.988e-01 1.091e-01 1.459e-01 2.752e-01 6.346e-01 8.829e-01 
LeoII            0.06145578 17.3929 17.5474 17.7319 17.9970 18.3556 16.4782 16.5918 16.7441 16.8544 16.9375 1.807e-01 3.477e-01 7.397e-01 9.880e-01 9.994e-01 1.343e-01 1.758e-01 3.208e-01 6.868e-01 9.128e-01 
LeoII            0.06884112 17.4501 17.5927 17.7611 18.0043 18.3569 16.4956 16.6230 16.8073 16.9324 17.0172 2.174e-01 3.927e-01 7.834e-01 9.926e-01 9.997e-01 1.652e-01 2.111e-01 3.717e-01 7.356e-01 9.370e-01 
LeoII            0.07711397 17.4999 17.6324 17.7887 18.0127 18.3577 16.5109 16.6503 16.8696 17.0094 17.0981 2.598e-01 4.418e-01 8.263e-01 9.957e-01 9.999e-01 2.025e-01 2.531e-01 4.276e-01 7.822e-01 9.563e-01 
LeoII            0.08638100 17.5405 17.6688 17.8147 18.0217 18.3582 16.5209 16.6746 16.9281 17.0865 17.1798 3.099e-01 4.957e-01 8.652e-01 9.975e-01 1.000e+00 2.473e-01 3.019e-01 4.881e-01 8.256e-01 9.706e-01 
LeoII            0.09676168 17.5737 17.6985 17.8394 18.0321 18.3585 16.5282 16.6939 16.9827 17.1603 17.2593 3.672e-01 5.520e-01 8.986e-01 9.987e-01 1.000e+00 3.007e-01 3.587e-01 5.533e-01 8.637e-01 9.812e-01 
LeoII            0.10838984 17.5978 17.7235 17.8628 18.0489 18.3586 16.5336 16.7103 17.0341 17.2319 17.3378 4.329e-01 6.123e-01 9.277e-01 9.993e-01 1.000e+00 3.650e-01 4.247e-01 6.211e-01 8.975e-01 9.879e-01 
LeoII            0.12141539 17.6138 17.7451 17.8866 18.0683 18.3588 16.5393 16.7245 17.0803 17.3013 17.4144 5.087e-01 6.759e-01 9.496e-01 9.996e-01 1.000e+00 4.411e-01 5.004e-01 6.896e-01 9.257e-01 9.926e-01 
LeoII            0.13600627 17.6234 17.7607 17.9081 18.0904 18.3617 16.5434 16.7364 17.1216 17.3687 17.4898 5.938e-01 7.409e-01 9.672e-01 9.998e-01 1.000e+00 5.288e-01 5.852e-01 7.593e-01 9.492e-01 9.957e-01 
LeoII            0.15235057 17.6301 17.7713 17.9275 18.1115 18.3669 16.5457 16.7448 17.1587 17.4317 17.5599 6.862e-01 8.077e-01 9.801e-01 9.999e-01 1.000e+00 6.286e-01 6.785e-01 8.269e-01 9.672e-01 9.977e-01 
LeoII            0.17065902 17.6336 17.7777 17.9435 18.1326 18.3770 16.5478 16.7526 17.1912 17.4907 17.6259 7.840e-01 8.730e-01 9.894e-01 1.000e+00 1.000e+00 7.389e-01 7.780e-01 8.894e-01 9.814e-01 9.989e-01 
LeoII            0.19116766 17.6365 17.7835 17.9573 18.1520 18.3898 16.5483 16.7577 17.2190 17.5424 17.6869 8.820e-01 9.337e-01 9.956e-01 1.000e+00 1.000e+00 8.540e-01 8.783e-01 9.442e-01 9.916e-01 9.996e-01 
LeoII            0.21414089 17.6369 17.7871 17.9658 18.1643 18.4043 16.5485 16.7609 17.2382 17.5825 17.7356 9.681e-01 9.829e-01 9.991e-01 1.000e+00 1.000e+00 9.594e-01 9.669e-01 9.861e-01 9.981e-01 9.999e-01 
LeoII            0.23987488 17.6383 17.7876 17.9690 18.1698 18.4084 16.5486 16.7622 17.2437 17.5963 17.7521 1.000e+00 1.000e+00 1.000e+00 1.000e+00 1.000e+00 1.000e+00 1.000e+00 1.000e+00 1.000e+00 1.000e+00 
LeoII            0.26870141 17.6383 17.7876 17.9690 18.1698 18.4084 16.5486 16.7622 17.2437 17.5963 17.7521 1.000e+00 1.000e+00 1.000e+00 1.000e+00 1.000e+00 1.000e+00 1.000e+00 1.000e+00 1.000e+00 1.000e+00 
LeoII            0.30099211 17.6383 17.7876 17.9690 18.1698 18.4084 16.5486 16.7622 17.2437 17.5963 17.7521 1.000e+00 1.000e+00 1.000e+00 1.000e+00 1.000e+00 1.000e+00 1.000e+00 1.000e+00 1.000e+00 1.000e+00 
LeoII            0.33716329 17.6383 17.7876 17.9690 18.1698 18.4084 16.5486 16.7622 17.2437 17.5963 17.7521 1.000e+00 1.000e+00 1.000e+00 1.000e+00 1.000e+00 1.000e+00 1.000e+00 1.000e+00 1.000e+00 1.000e+00 
LeoII            0.37768127 17.6383 17.7876 17.9690 18.1698 18.4084 16.5486 16.7622 17.2437 17.5963 17.7521 1.000e+00 1.000e+00 1.000e+00 1.000e+00 1.000e+00 1.000e+00 1.000e+00 1.000e+00 1.000e+00 1.000e+00 
LeoII            0.42306843 17.6383 17.7876 17.9690 18.1698 18.4084 16.5486 16.7622 17.2437 17.5963 17.7521 1.000e+00 1.000e+00 1.000e+00 1.000e+00 1.000e+00 1.000e+00 1.000e+00 1.000e+00 1.000e+00 1.000e+00 
LeoII            0.47390991 17.6383 17.7876 17.9690 18.1698 18.4084 16.5486 16.7622 17.2437 17.5963 17.7521 1.000e+00 1.000e+00 1.000e+00 1.000e+00 1.000e+00 1.000e+00 1.000e+00 1.000e+00 1.000e+00 1.000e+00 
LeoII            0.53086117 17.6383 17.7876 17.9690 18.1698 18.4084 16.5486 16.7622 17.2437 17.5963 17.7521 1.000e+00 1.000e+00 1.000e+00 1.000e+00 1.000e+00 1.000e+00 1.000e+00 1.000e+00 1.000e+00 1.000e+00 
LeoII            0.59465645 17.6383 17.7876 17.9690 18.1698 18.4084 16.5486 16.7622 17.2437 17.5963 17.7521 1.000e+00 1.000e+00 1.000e+00 1.000e+00 1.000e+00 1.000e+00 1.000e+00 1.000e+00 1.000e+00 1.000e+00 
LeoII            0.66611821 17.6383 17.7876 17.9690 18.1698 18.4084 16.5486 16.7622 17.2437 17.5963 17.7521 1.000e+00 1.000e+00 1.000e+00 1.000e+00 1.000e+00 1.000e+00 1.000e+00 1.000e+00 1.000e+00 1.000e+00 
LeoII            0.74616775 17.6383 17.7876 17.9690 18.1698 18.4084 16.5486 16.7622 17.2437 17.5963 17.7521 1.000e+00 1.000e+00 1.000e+00 1.000e+00 1.000e+00 1.000e+00 1.000e+00 1.000e+00 1.000e+00 1.000e+00 
LeoII            0.83583710 17.6383 17.7876 17.9690 18.1698 18.4084 16.5486 16.7622 17.2437 17.5963 17.7521 1.000e+00 1.000e+00 1.000e+00 1.000e+00 1.000e+00 1.000e+00 1.000e+00 1.000e+00 1.000e+00 1.000e+00 
LeoII            0.93628230 17.6383 17.7876 17.9690 18.1698 18.4084 16.5486 16.7622 17.2437 17.5963 17.7521 1.000e+00 1.000e+00 1.000e+00 1.000e+00 1.000e+00 1.000e+00 1.000e+00 1.000e+00 1.000e+00 1.000e+00 
LeoII            1.04879832 17.6383 17.7876 17.9690 18.1698 18.4084 16.5486 16.7622 17.2437 17.5963 17.7521 1.000e+00 1.000e+00 1.000e+00 1.000e+00 1.000e+00 1.000e+00 1.000e+00 1.000e+00 1.000e+00 1.000e+00 
LeoII            1.17483576 17.6383 17.7876 17.9690 18.1698 18.4084 16.5486 16.7622 17.2437 17.5963 17.7521 1.000e+00 1.000e+00 1.000e+00 1.000e+00 1.000e+00 1.000e+00 1.000e+00 1.000e+00 1.000e+00 1.000e+00 
LeoII            1.31601950 17.6383 17.7876 17.9690 18.1698 18.4084 16.5486 16.7622 17.2437 17.5963 17.7521 1.000e+00 1.000e+00 1.000e+00 1.000e+00 1.000e+00 1.000e+00 1.000e+00 1.000e+00 1.000e+00 1.000e+00 
LeoII            1.47416975 17.6383 17.7876 17.9690 18.1698 18.4084 16.5486 16.7622 17.2437 17.5963 17.7521 1.000e+00 1.000e+00 1.000e+00 1.000e+00 1.000e+00 1.000e+00 1.000e+00 1.000e+00 1.000e+00 1.000e+00 
LeoII            1.65132542 17.6383 17.7876 17.9690 18.1698 18.4084 16.5486 16.7622 17.2437 17.5963 17.7521 1.000e+00 1.000e+00 1.000e+00 1.000e+00 1.000e+00 1.000e+00 1.000e+00 1.000e+00 1.000e+00 1.000e+00 
LeoII            1.84977045 17.6383 17.7876 17.9690 18.1698 18.4084 16.5486 16.7622 17.2437 17.5963 17.7521 1.000e+00 1.000e+00 1.000e+00 1.000e+00 1.000e+00 1.000e+00 1.000e+00 1.000e+00 1.000e+00 1.000e+00 
LeoII            2.07206325 17.6383 17.7876 17.9690 18.1698 18.4084 16.5486 16.7622 17.2437 17.5963 17.7521 1.000e+00 1.000e+00 1.000e+00 1.000e+00 1.000e+00 1.000e+00 1.000e+00 1.000e+00 1.000e+00 1.000e+00 
LeoII            2.32106968 17.6383 17.7876 17.9690 18.1698 18.4084 16.5486 16.7622 17.2437 17.5963 17.7521 1.000e+00 1.000e+00 1.000e+00 1.000e+00 1.000e+00 1.000e+00 1.000e+00 1.000e+00 1.000e+00 1.000e+00 
LeoII            2.60000000 17.6383 17.7876 17.9690 18.1698 18.4084 16.5486 16.7622 17.2437 17.5963 17.7521 1.000e+00 1.000e+00 1.000e+00 1.000e+00 1.000e+00 1.000e+00 1.000e+00 1.000e+00 1.000e+00 1.000e+00 

