ComaBerenices    0.01000000 16.0365 16.4450 16.8541 17.3816 17.9969 15.0489 15.2327 15.4047 15.5712 15.7400 1.663e-03 2.175e-03 5.601e-03 3.336e-02 1.307e-01 1.614e-03 1.816e-03 2.557e-03 4.792e-03 1.034e-02 
ComaBerenices    0.01120173 16.1301 16.5376 16.9427 17.4521 18.0365 15.1447 15.3287 15.4995 15.6639 15.8296 2.088e-03 2.726e-03 6.859e-03 3.874e-02 1.417e-01 2.028e-03 2.279e-03 3.193e-03 5.889e-03 1.284e-02 
ComaBerenices    0.01254788 16.2233 16.6309 17.0310 17.5209 18.0776 15.2410 15.4241 15.5937 15.7573 15.9200 2.621e-03 3.409e-03 8.404e-03 4.462e-02 1.549e-01 2.545e-03 2.858e-03 3.983e-03 7.242e-03 1.582e-02 
ComaBerenices    0.01405580 16.3178 16.7236 17.1170 17.5899 18.1246 15.3377 15.5200 15.6879 15.8506 16.0100 3.288e-03 4.261e-03 1.024e-02 5.159e-02 1.697e-01 3.193e-03 3.582e-03 4.963e-03 8.911e-03 1.950e-02 
ComaBerenices    0.01574493 16.4127 16.8141 17.2046 17.6591 18.1695 15.4341 15.6159 15.7820 15.9444 16.0999 4.121e-03 5.319e-03 1.249e-02 5.931e-02 1.866e-01 4.003e-03 4.484e-03 6.186e-03 1.094e-02 2.402e-02 
ComaBerenices    0.01763705 16.5076 16.9032 17.2902 17.7286 18.2233 15.5293 15.7114 15.8765 16.0375 16.1906 5.161e-03 6.638e-03 1.521e-02 6.840e-02 2.034e-01 5.015e-03 5.610e-03 7.690e-03 1.340e-02 2.958e-02 
ComaBerenices    0.01975655 16.6002 16.9928 17.3734 17.7969 18.2673 15.6252 15.8059 15.9693 16.1302 16.2840 6.475e-03 8.288e-03 1.855e-02 7.904e-02 2.217e-01 6.293e-03 7.030e-03 9.570e-03 1.645e-02 3.612e-02 
ComaBerenices    0.02213075 16.6908 17.0835 17.4573 17.8641 18.3159 15.7198 15.8999 16.0625 16.2227 16.3757 8.122e-03 1.035e-02 2.261e-02 9.129e-02 2.446e-01 7.898e-03 8.807e-03 1.191e-02 2.014e-02 4.422e-02 
ComaBerenices    0.02479028 16.7837 17.1731 17.5414 17.9315 18.3620 15.8147 15.9936 16.1557 16.3155 16.4658 1.018e-02 1.291e-02 2.751e-02 1.051e-01 2.704e-01 9.906e-03 1.103e-02 1.482e-02 2.464e-02 5.398e-02 
ComaBerenices    0.02776940 16.8791 17.2604 17.6248 18.0021 18.4059 15.9065 16.0863 16.2484 16.4078 16.5564 1.276e-02 1.608e-02 3.348e-02 1.198e-01 2.987e-01 1.242e-02 1.380e-02 1.841e-02 3.015e-02 6.580e-02 
ComaBerenices    0.03110654 16.9699 17.3487 17.7092 18.0710 18.4629 15.9980 16.1791 16.3410 16.5000 16.6489 1.597e-02 2.003e-02 4.067e-02 1.366e-01 3.301e-01 1.555e-02 1.725e-02 2.286e-02 3.669e-02 8.036e-02 
ComaBerenices    0.03484471 17.0556 17.4313 17.7895 18.1435 18.5197 16.0892 16.2719 16.4332 16.5917 16.7435 2.001e-02 2.495e-02 4.933e-02 1.558e-01 3.668e-01 1.950e-02 2.157e-02 2.836e-02 4.474e-02 9.777e-02 
ComaBerenices    0.03903211 17.1444 17.5162 17.8701 18.2161 18.5822 16.1829 16.3625 16.5253 16.6831 16.8349 2.509e-02 3.107e-02 5.960e-02 1.781e-01 4.047e-01 2.445e-02 2.698e-02 3.518e-02 5.451e-02 1.186e-01 
ComaBerenices    0.04372272 17.2298 17.6000 17.9492 18.2891 18.6403 16.2762 16.4536 16.6169 16.7744 16.9273 3.142e-02 3.866e-02 7.196e-02 2.035e-01 4.515e-01 3.064e-02 3.371e-02 4.355e-02 6.632e-02 1.427e-01 
ComaBerenices    0.04897702 17.3140 17.6822 18.0254 18.3585 18.6992 16.3681 16.5443 16.7083 16.8658 17.0186 3.931e-02 4.802e-02 8.680e-02 2.322e-01 5.010e-01 3.836e-02 4.209e-02 5.381e-02 8.049e-02 1.717e-01 
ComaBerenices    0.05486275 17.3991 17.7641 18.1024 18.4298 18.7557 16.4579 16.6350 16.7995 16.9561 17.1112 4.913e-02 5.953e-02 1.045e-01 2.627e-01 5.540e-01 4.798e-02 5.246e-02 6.638e-02 9.716e-02 2.044e-01 
ComaBerenices    0.06145578 17.4723 17.8433 18.1772 18.4994 18.8188 16.5442 16.7254 16.8891 17.0459 17.2002 6.137e-02 7.375e-02 1.256e-01 2.973e-01 6.062e-01 5.999e-02 6.538e-02 8.183e-02 1.175e-01 2.415e-01 
ComaBerenices    0.06884112 17.5508 17.9179 18.2496 18.5709 18.8806 16.6323 16.8112 16.9775 17.1370 17.2910 7.676e-02 9.142e-02 1.507e-01 3.350e-01 6.646e-01 7.511e-02 8.153e-02 1.008e-01 1.417e-01 2.849e-01 
ComaBerenices    0.07711397 17.6260 17.9938 18.3208 18.6429 18.9436 16.7187 16.8961 17.0651 17.2271 17.3825 9.583e-02 1.130e-01 1.800e-01 3.766e-01 7.184e-01 9.388e-02 1.015e-01 1.240e-01 1.701e-01 3.347e-01 
ComaBerenices    0.08638100 17.6995 18.0650 18.3949 18.7099 19.0138 16.7978 16.9789 17.1523 17.3167 17.4731 1.194e-01 1.395e-01 2.145e-01 4.221e-01 7.696e-01 1.172e-01 1.261e-01 1.520e-01 2.034e-01 3.909e-01 
ComaBerenices    0.09676168 17.7751 18.1354 18.4666 18.7792 19.0865 16.8755 17.0609 17.2391 17.4049 17.5659 1.486e-01 1.716e-01 2.544e-01 4.712e-01 8.253e-01 1.459e-01 1.563e-01 1.859e-01 2.428e-01 4.514e-01 
ComaBerenices    0.10838984 17.8471 18.2054 18.5375 18.8480 19.1577 16.9489 17.1398 17.3245 17.4915 17.6545 1.846e-01 2.108e-01 3.011e-01 5.241e-01 8.695e-01 1.816e-01 1.934e-01 2.268e-01 2.893e-01 5.178e-01 
ComaBerenices    0.12141539 17.9097 18.2720 18.6041 18.9176 19.2238 17.0195 17.2174 17.4078 17.5784 17.7456 2.292e-01 2.585e-01 3.551e-01 5.782e-01 9.066e-01 2.258e-01 2.392e-01 2.760e-01 3.430e-01 5.845e-01 
ComaBerenices    0.13600627 17.9694 18.3344 18.6679 18.9875 19.3029 17.0863 17.2932 17.4904 17.6640 17.8350 2.838e-01 3.156e-01 4.173e-01 6.360e-01 9.355e-01 2.799e-01 2.946e-01 3.345e-01 4.046e-01 6.530e-01 
ComaBerenices    0.15235057 18.0245 18.3909 18.7308 19.0558 19.3765 17.1469 17.3678 17.5704 17.7481 17.9216 3.498e-01 3.836e-01 4.871e-01 6.945e-01 9.582e-01 3.457e-01 3.614e-01 4.035e-01 4.752e-01 7.214e-01 
ComaBerenices    0.17065902 18.0756 18.4412 18.7912 19.1238 19.4564 17.2037 17.4384 17.6484 17.8299 18.0058 4.291e-01 4.636e-01 5.650e-01 7.538e-01 9.757e-01 4.249e-01 4.412e-01 4.838e-01 5.543e-01 7.857e-01 
ComaBerenices    0.19116766 18.1178 18.4898 18.8491 19.1870 19.5301 17.2532 17.5038 17.7227 17.9091 18.0889 5.231e-01 5.566e-01 6.505e-01 8.127e-01 9.869e-01 5.189e-01 5.349e-01 5.756e-01 6.411e-01 8.443e-01 
ComaBerenices    0.21414089 18.1597 18.5297 18.9016 19.2478 19.6014 17.2961 17.5676 17.7942 17.9845 18.1707 6.327e-01 6.625e-01 7.420e-01 8.700e-01 9.934e-01 6.289e-01 6.433e-01 6.788e-01 7.345e-01 8.966e-01 
ComaBerenices    0.23987488 18.1939 18.5646 18.9508 19.3052 19.6699 17.3266 17.6232 17.8592 18.0546 18.2463 7.556e-01 7.784e-01 8.356e-01 9.220e-01 9.972e-01 7.526e-01 7.638e-01 7.904e-01 8.310e-01 9.417e-01 
ComaBerenices    0.26870141 18.2209 18.5940 18.9924 19.3554 19.7354 17.3503 17.6714 17.9165 18.1162 18.3127 8.827e-01 8.951e-01 9.248e-01 9.665e-01 9.991e-01 8.810e-01 8.871e-01 9.015e-01 9.230e-01 9.767e-01 
ComaBerenices    0.30099211 18.2452 18.6141 19.0201 19.3917 19.7788 17.3691 17.7041 17.9567 18.1592 18.3579 9.857e-01 9.874e-01 9.913e-01 9.964e-01 9.999e-01 9.854e-01 9.863e-01 9.883e-01 9.911e-01 9.977e-01 
ComaBerenices    0.33716329 18.2475 18.6172 19.0239 19.3967 19.7839 17.3712 17.7081 17.9615 18.1648 18.3636 1.000e+00 1.000e+00 1.000e+00 1.000e+00 1.000e+00 1.000e+00 1.000e+00 1.000e+00 1.000e+00 1.000e+00 
ComaBerenices    0.37768127 18.2475 18.6172 19.0239 19.3967 19.7839 17.3712 17.7081 17.9615 18.1648 18.3636 1.000e+00 1.000e+00 1.000e+00 1.000e+00 1.000e+00 1.000e+00 1.000e+00 1.000e+00 1.000e+00 1.000e+00 
ComaBerenices    0.42306843 18.2475 18.6172 19.0239 19.3967 19.7839 17.3712 17.7081 17.9615 18.1648 18.3636 1.000e+00 1.000e+00 1.000e+00 1.000e+00 1.000e+00 1.000e+00 1.000e+00 1.000e+00 1.000e+00 1.000e+00 
ComaBerenices    0.47390991 18.2475 18.6172 19.0239 19.3967 19.7839 17.3712 17.7081 17.9615 18.1648 18.3636 1.000e+00 1.000e+00 1.000e+00 1.000e+00 1.000e+00 1.000e+00 1.000e+00 1.000e+00 1.000e+00 1.000e+00 
ComaBerenices    0.53086117 18.2475 18.6172 19.0239 19.3967 19.7839 17.3712 17.7081 17.9615 18.1648 18.3636 1.000e+00 1.000e+00 1.000e+00 1.000e+00 1.000e+00 1.000e+00 1.000e+00 1.000e+00 1.000e+00 1.000e+00 
ComaBerenices    0.59465645 18.2475 18.6172 19.0239 19.3967 19.7839 17.3712 17.7081 17.9615 18.1648 18.3636 1.000e+00 1.000e+00 1.000e+00 1.000e+00 1.000e+00 1.000e+00 1.000e+00 1.000e+00 1.000e+00 1.000e+00 
ComaBerenices    0.66611821 18.2475 18.6172 19.0239 19.3967 19.7839 17.3712 17.7081 17.9615 18.1648 18.3636 1.000e+00 1.000e+00 1.000e+00 1.000e+00 1.000e+00 1.000e+00 1.000e+00 1.000e+00 1.000e+00 1.000e+00 
ComaBerenices    0.74616775 18.2475 18.6172 19.0239 19.3967 19.7839 17.3712 17.7081 17.9615 18.1648 18.3636 1.000e+00 1.000e+00 1.000e+00 1.000e+00 1.000e+00 1.000e+00 1.000e+00 1.000e+00 1.000e+00 1.000e+00 
ComaBerenices    0.83583710 18.2475 18.6172 19.0239 19.3967 19.7839 17.3712 17.7081 17.9615 18.1648 18.3636 1.000e+00 1.000e+00 1.000e+00 1.000e+00 1.000e+00 1.000e+00 1.000e+00 1.000e+00 1.000e+00 1.000e+00 
ComaBerenices    0.93628230 18.2475 18.6172 19.0239 19.3967 19.7839 17.3712 17.7081 17.9615 18.1648 18.3636 1.000e+00 1.000e+00 1.000e+00 1.000e+00 1.000e+00 1.000e+00 1.000e+00 1.000e+00 1.000e+00 1.000e+00 
ComaBerenices    1.04879832 18.2475 18.6172 19.0239 19.3967 19.7839 17.3712 17.7081 17.9615 18.1648 18.3636 1.000e+00 1.000e+00 1.000e+00 1.000e+00 1.000e+00 1.000e+00 1.000e+00 1.000e+00 1.000e+00 1.000e+00 
ComaBerenices    1.17483576 18.2475 18.6172 19.0239 19.3967 19.7839 17.3712 17.7081 17.9615 18.1648 18.3636 1.000e+00 1.000e+00 1.000e+00 1.000e+00 1.000e+00 1.000e+00 1.000e+00 1.000e+00 1.000e+00 1.000e+00 
ComaBerenices    1.31601950 18.2475 18.6172 19.0239 19.3967 19.7839 17.3712 17.7081 17.9615 18.1648 18.3636 1.000e+00 1.000e+00 1.000e+00 1.000e+00 1.000e+00 1.000e+00 1.000e+00 1.000e+00 1.000e+00 1.000e+00 
ComaBerenices    1.47416975 18.2475 18.6172 19.0239 19.3967 19.7839 17.3712 17.7081 17.9615 18.1648 18.3636 1.000e+00 1.000e+00 1.000e+00 1.000e+00 1.000e+00 1.000e+00 1.000e+00 1.000e+00 1.000e+00 1.000e+00 
ComaBerenices    1.65132542 18.2475 18.6172 19.0239 19.3967 19.7839 17.3712 17.7081 17.9615 18.1648 18.3636 1.000e+00 1.000e+00 1.000e+00 1.000e+00 1.000e+00 1.000e+00 1.000e+00 1.000e+00 1.000e+00 1.000e+00 
ComaBerenices    1.84977045 18.2475 18.6172 19.0239 19.3967 19.7839 17.3712 17.7081 17.9615 18.1648 18.3636 1.000e+00 1.000e+00 1.000e+00 1.000e+00 1.000e+00 1.000e+00 1.000e+00 1.000e+00 1.000e+00 1.000e+00 
ComaBerenices    2.07206325 18.2475 18.6172 19.0239 19.3967 19.7839 17.3712 17.7081 17.9615 18.1648 18.3636 1.000e+00 1.000e+00 1.000e+00 1.000e+00 1.000e+00 1.000e+00 1.000e+00 1.000e+00 1.000e+00 1.000e+00 
ComaBerenices    2.32106968 18.2475 18.6172 19.0239 19.3967 19.7839 17.3712 17.7081 17.9615 18.1648 18.3636 1.000e+00 1.000e+00 1.000e+00 1.000e+00 1.000e+00 1.000e+00 1.000e+00 1.000e+00 1.000e+00 1.000e+00 
ComaBerenices    2.60000000 18.2475 18.6172 19.0239 19.3967 19.7839 17.3712 17.7081 17.9615 18.1648 18.3636 1.000e+00 1.000e+00 1.000e+00 1.000e+00 1.000e+00 1.000e+00 1.000e+00 1.000e+00 1.000e+00 1.000e+00 
