Sculptor          0.01000000 15.8348 16.1696 16.9042 17.5493 17.8963 15.1993 15.2856 15.4497 15.5968 15.6995 1.769e-03 4.149e-03 2.214e-02 8.621e-02 1.660e-01 3.830e-04 5.804e-04 9.119e-04 1.468e-03 2.236e-03 
Sculptor          0.01120173 15.9326 16.2606 16.9680 17.5888 17.9296 15.2975 15.3826 15.5411 15.6824 15.7821 2.215e-03 5.128e-03 2.557e-02 9.447e-02 1.786e-01 4.779e-04 7.226e-04 1.128e-03 1.799e-03 2.724e-03 
Sculptor          0.01254788 16.0301 16.3518 17.0303 17.6276 17.9636 15.3959 15.4793 15.6330 15.7676 15.8645 2.769e-03 6.320e-03 2.950e-02 1.035e-01 1.922e-01 5.948e-04 9.000e-04 1.393e-03 2.200e-03 3.320e-03 
Sculptor          0.01405580 16.1270 16.4438 17.0924 17.6671 17.9980 15.4941 15.5763 15.7241 15.8531 15.9469 3.459e-03 7.791e-03 3.418e-02 1.134e-01 2.071e-01 7.404e-04 1.119e-03 1.717e-03 2.693e-03 4.039e-03 
Sculptor          0.01574493 16.2236 16.5340 17.1547 17.7073 18.0309 15.5921 15.6731 15.8156 15.9380 16.0284 4.317e-03 9.600e-03 3.961e-02 1.245e-01 2.239e-01 9.195e-04 1.387e-03 2.116e-03 3.297e-03 4.904e-03 
Sculptor          0.01763705 16.3203 16.6241 17.2162 17.7467 18.0617 15.6903 15.7692 15.9062 16.0226 16.1096 5.382e-03 1.183e-02 4.578e-02 1.366e-01 2.413e-01 1.139e-03 1.722e-03 2.602e-03 4.024e-03 5.965e-03 
Sculptor          0.01975655 16.4176 16.7127 17.2778 17.7856 18.0939 15.7882 15.8655 15.9971 16.1066 16.1906 6.718e-03 1.449e-02 5.297e-02 1.494e-01 2.586e-01 1.417e-03 2.136e-03 3.207e-03 4.908e-03 7.231e-03 
Sculptor          0.02213075 16.5126 16.8017 17.3401 17.8239 18.1246 15.8857 15.9618 16.0875 16.1907 16.2716 8.377e-03 1.777e-02 6.072e-02 1.630e-01 2.793e-01 1.759e-03 2.649e-03 3.955e-03 5.987e-03 8.786e-03 
Sculptor          0.02479028 16.6074 16.8898 17.4008 17.8617 18.1545 15.9827 16.0574 16.1770 16.2745 16.3519 1.043e-02 2.178e-02 6.991e-02 1.781e-01 2.997e-01 2.180e-03 3.284e-03 4.876e-03 7.298e-03 1.066e-02 
Sculptor          0.02776940 16.7035 16.9772 17.4620 17.8992 18.1854 16.0797 16.1527 16.2660 16.3576 16.4320 1.296e-02 2.667e-02 8.020e-02 1.946e-01 3.228e-01 2.707e-03 4.054e-03 5.991e-03 8.892e-03 1.288e-02 
Sculptor          0.03110654 16.7978 17.0631 17.5222 17.9356 18.2167 16.1775 16.2479 16.3546 16.4407 16.5114 1.609e-02 3.253e-02 9.195e-02 2.123e-01 3.464e-01 3.348e-03 5.006e-03 7.348e-03 1.081e-02 1.552e-02 
Sculptor          0.03484471 16.8930 17.1485 17.5807 17.9725 18.2473 16.2744 16.3432 16.4432 16.5233 16.5894 2.005e-02 3.967e-02 1.050e-01 2.313e-01 3.712e-01 4.141e-03 6.191e-03 9.026e-03 1.317e-02 1.874e-02 
Sculptor          0.03903211 16.9876 17.2332 17.6392 18.0091 18.2750 16.3717 16.4380 16.5308 16.6055 16.6673 2.501e-02 4.821e-02 1.200e-01 2.517e-01 3.961e-01 5.129e-03 7.636e-03 1.106e-02 1.600e-02 2.265e-02 
Sculptor          0.04372272 17.0814 17.3169 17.6968 18.0451 18.3047 16.4684 16.5321 16.6179 16.6872 16.7454 3.103e-02 5.854e-02 1.369e-01 2.742e-01 4.227e-01 6.325e-03 9.406e-03 1.356e-02 1.944e-02 2.728e-02 
Sculptor          0.04897702 17.1749 17.4004 17.7551 18.0813 18.3319 16.5649 16.6256 16.7046 16.7683 16.8220 3.828e-02 7.064e-02 1.559e-01 2.983e-01 4.503e-01 7.780e-03 1.155e-02 1.661e-02 2.357e-02 3.292e-02 
Sculptor          0.05486275 17.2669 17.4816 17.8109 18.1165 18.3573 16.6611 16.7185 16.7908 16.8489 16.8984 4.704e-02 8.509e-02 1.768e-01 3.240e-01 4.782e-01 9.535e-03 1.414e-02 2.026e-02 2.857e-02 3.964e-02 
Sculptor          0.06145578 17.3580 17.5611 17.8668 18.1518 18.3813 16.7564 16.8105 16.8760 16.9289 16.9752 5.762e-02 1.022e-01 2.007e-01 3.510e-01 5.071e-01 1.169e-02 1.732e-02 2.470e-02 3.458e-02 4.776e-02 
Sculptor          0.06884112 17.4485 17.6396 17.9199 18.1868 18.4068 16.8517 16.9016 16.9605 17.0082 17.0501 7.120e-02 1.218e-01 2.278e-01 3.805e-01 5.398e-01 1.431e-02 2.118e-02 3.021e-02 4.184e-02 5.751e-02 
Sculptor          0.07711397 17.5358 17.7166 17.9729 18.2202 18.4301 16.9460 16.9921 17.0442 17.0868 17.1253 8.754e-02 1.451e-01 2.574e-01 4.125e-01 5.709e-01 1.747e-02 2.579e-02 3.675e-02 5.057e-02 6.927e-02 
Sculptor          0.08638100 17.6229 17.7927 18.0238 18.2537 18.4542 17.0400 17.0814 17.1267 17.1648 17.2000 1.071e-01 1.717e-01 2.891e-01 4.457e-01 6.038e-01 2.125e-02 3.130e-02 4.461e-02 6.091e-02 8.310e-02 
Sculptor          0.09676168 17.7088 17.8651 18.0741 18.2853 18.4765 17.1327 17.1695 17.2083 17.2420 17.2739 1.304e-01 2.013e-01 3.245e-01 4.807e-01 6.353e-01 2.575e-02 3.796e-02 5.402e-02 7.330e-02 9.966e-02 
Sculptor          0.10838984 17.7923 17.9349 18.1212 18.3160 18.4976 17.2238 17.2560 17.2889 17.3184 17.3481 1.576e-01 2.365e-01 3.631e-01 5.174e-01 6.691e-01 3.101e-02 4.586e-02 6.518e-02 8.811e-02 1.185e-01 
Sculptor          0.12141539 17.8716 18.0011 18.1669 18.3462 18.5170 17.3129 17.3406 17.3683 17.3946 17.4217 1.891e-01 2.754e-01 4.047e-01 5.560e-01 7.026e-01 3.736e-02 5.529e-02 7.844e-02 1.058e-01 1.411e-01 
Sculptor          0.13600627 17.9506 18.0654 18.2114 18.3750 18.5358 17.3993 17.4229 17.4463 17.4703 17.4959 2.247e-01 3.186e-01 4.495e-01 5.959e-01 7.340e-01 4.483e-02 6.640e-02 9.405e-02 1.267e-01 1.683e-01 
Sculptor          0.15235057 18.0268 18.1260 18.2539 18.4030 18.5547 17.4812 17.5020 17.5233 17.5460 17.5717 2.646e-01 3.651e-01 4.961e-01 6.360e-01 7.656e-01 5.383e-02 7.948e-02 1.125e-01 1.513e-01 1.990e-01 
Sculptor          0.17065902 18.0972 18.1829 18.2944 18.4292 18.5725 17.5572 17.5774 17.5987 17.6215 17.6483 3.065e-01 4.155e-01 5.445e-01 6.766e-01 7.966e-01 6.443e-02 9.497e-02 1.339e-01 1.793e-01 2.344e-01 
Sculptor          0.19116766 18.1625 18.2362 18.3324 18.4538 18.5884 17.6270 17.6497 17.6726 17.6971 17.7258 3.564e-01 4.706e-01 5.949e-01 7.170e-01 8.254e-01 7.673e-02 1.128e-01 1.583e-01 2.118e-01 2.753e-01 
Sculptor          0.21414089 18.2223 18.2855 18.3684 18.4766 18.6011 17.6921 17.7184 17.7449 17.7721 17.8038 4.060e-01 5.259e-01 6.467e-01 7.570e-01 8.521e-01 9.149e-02 1.335e-01 1.866e-01 2.491e-01 3.217e-01 
Sculptor          0.23987488 18.2755 18.3306 18.4013 18.4980 18.6161 17.7535 17.7837 17.8145 17.8452 17.8802 4.597e-01 5.819e-01 6.968e-01 7.959e-01 8.768e-01 1.083e-01 1.574e-01 2.192e-01 2.912e-01 3.748e-01 
Sculptor          0.26870141 18.3198 18.3701 18.4313 18.5183 18.6277 17.8109 17.8459 17.8815 17.9169 17.9560 5.133e-01 6.384e-01 7.456e-01 8.329e-01 9.013e-01 1.279e-01 1.845e-01 2.554e-01 3.385e-01 4.324e-01 
Sculptor          0.30099211 18.3580 18.4034 18.4593 18.5364 18.6378 17.8657 17.9050 17.9456 17.9860 18.0296 5.650e-01 6.923e-01 7.914e-01 8.669e-01 9.229e-01 1.508e-01 2.150e-01 2.959e-01 3.897e-01 4.933e-01 
Sculptor          0.33716329 18.3888 18.4320 18.4836 18.5526 18.6479 17.9163 17.9607 18.0067 18.0526 18.1005 6.180e-01 7.431e-01 8.338e-01 8.976e-01 9.426e-01 1.779e-01 2.496e-01 3.404e-01 4.457e-01 5.584e-01 
Sculptor          0.37768127 18.4123 18.4556 18.5044 18.5681 18.6565 17.9645 18.0128 18.0643 18.1160 18.1699 6.656e-01 7.899e-01 8.709e-01 9.243e-01 9.595e-01 2.083e-01 2.885e-01 3.880e-01 5.047e-01 6.239e-01 
Sculptor          0.42306843 18.4306 18.4736 18.5217 18.5816 18.6658 18.0080 18.0617 18.1183 18.1758 18.2368 7.124e-01 8.305e-01 9.030e-01 9.461e-01 9.733e-01 2.421e-01 3.305e-01 4.389e-01 5.665e-01 6.902e-01 
Sculptor          0.47390991 18.4445 18.4876 18.5359 18.5939 18.6733 18.0467 18.1062 18.1684 18.2317 18.3010 7.549e-01 8.672e-01 9.295e-01 9.634e-01 9.834e-01 2.803e-01 3.767e-01 4.925e-01 6.289e-01 7.528e-01 
Sculptor          0.53086117 18.4545 18.4984 18.5471 18.6043 18.6812 18.0803 18.1464 18.2141 18.2844 18.3617 7.940e-01 8.973e-01 9.504e-01 9.766e-01 9.906e-01 3.224e-01 4.263e-01 5.485e-01 6.892e-01 8.089e-01 
Sculptor          0.59465645 18.4612 18.5060 18.5554 18.6132 18.6894 18.1112 18.1825 18.2563 18.3337 18.4206 8.289e-01 9.227e-01 9.661e-01 9.860e-01 9.952e-01 3.693e-01 4.784e-01 6.041e-01 7.460e-01 8.589e-01 
Sculptor          0.66611821 18.4653 18.5110 18.5611 18.6205 18.6954 18.1365 18.2147 18.2936 18.3790 18.4752 8.609e-01 9.429e-01 9.779e-01 9.920e-01 9.978e-01 4.220e-01 5.331e-01 6.593e-01 7.982e-01 9.002e-01 
Sculptor          0.74616775 18.4687 18.5144 18.5655 18.6259 18.7025 18.1574 18.2419 18.3274 18.4212 18.5284 8.894e-01 9.587e-01 9.858e-01 9.957e-01 9.991e-01 4.802e-01 5.906e-01 7.136e-01 8.443e-01 9.318e-01 
Sculptor          0.83583710 18.4706 18.5166 18.5687 18.6303 18.7086 18.1735 18.2654 18.3573 18.4602 18.5782 9.153e-01 9.708e-01 9.912e-01 9.979e-01 9.997e-01 5.419e-01 6.491e-01 7.653e-01 8.834e-01 9.550e-01 
Sculptor          0.93628230 18.4717 18.5179 18.5709 18.6334 18.7137 18.1849 18.2837 18.3831 18.4954 18.6232 9.360e-01 9.802e-01 9.948e-01 9.990e-01 9.999e-01 6.074e-01 7.088e-01 8.136e-01 9.163e-01 9.718e-01 
Sculptor          1.04879832 18.4727 18.5190 18.5723 18.6354 18.7168 18.1928 18.2991 18.4061 18.5269 18.6660 9.531e-01 9.871e-01 9.970e-01 9.996e-01 1.000e+00 6.756e-01 7.672e-01 8.581e-01 9.427e-01 9.834e-01 
Sculptor          1.17483576 18.4730 18.5196 18.5733 18.6374 18.7221 18.2004 18.3111 18.4251 18.5568 18.7041 9.677e-01 9.919e-01 9.984e-01 9.998e-01 1.000e+00 7.454e-01 8.237e-01 8.979e-01 9.629e-01 9.908e-01 
Sculptor          1.31601950 18.4733 18.5199 18.5738 18.6388 18.7248 18.2048 18.3199 18.4412 18.5817 18.7402 9.795e-01 9.954e-01 9.992e-01 9.999e-01 1.000e+00 8.161e-01 8.769e-01 9.322e-01 9.780e-01 9.952e-01 
Sculptor          1.47416975 18.4736 18.5204 18.5741 18.6395 18.7284 18.2076 18.3262 18.4543 18.6032 18.7712 9.888e-01 9.977e-01 9.996e-01 1.000e+00 1.000e+00 8.843e-01 9.252e-01 9.607e-01 9.887e-01 9.978e-01 
Sculptor          1.65132542 18.4736 18.5205 18.5743 18.6401 18.7300 18.2103 18.3309 18.4636 18.6192 18.7977 9.953e-01 9.991e-01 9.999e-01 1.000e+00 1.000e+00 9.451e-01 9.658e-01 9.829e-01 9.955e-01 9.992e-01 
Sculptor          1.84977045 18.4736 18.5206 18.5744 18.6404 18.7307 18.2111 18.3345 18.4692 18.6307 18.8173 9.993e-01 9.999e-01 1.000e+00 1.000e+00 1.000e+00 9.911e-01 9.946e-01 9.974e-01 9.994e-01 9.999e-01 
Sculptor          2.07206325 18.4737 18.5206 18.5745 18.6404 18.7309 18.2112 18.3349 18.4702 18.6325 18.8213 1.000e+00 1.000e+00 1.000e+00 1.000e+00 1.000e+00 1.000e+00 1.000e+00 1.000e+00 1.000e+00 1.000e+00 
Sculptor          2.32106968 18.4737 18.5206 18.5745 18.6404 18.7309 18.2112 18.3349 18.4702 18.6325 18.8213 1.000e+00 1.000e+00 1.000e+00 1.000e+00 1.000e+00 1.000e+00 1.000e+00 1.000e+00 1.000e+00 1.000e+00 
Sculptor          2.60000000 18.4737 18.5206 18.5745 18.6404 18.7309 18.2112 18.3349 18.4702 18.6325 18.8213 1.000e+00 1.000e+00 1.000e+00 1.000e+00 1.000e+00 1.000e+00 1.000e+00 1.000e+00 1.000e+00 1.000e+00 

