LeoI             0.01000000 15.5110 15.7788 16.2545 16.6742 16.9186 15.1866 15.2564 15.3408 15.4139 15.4747 1.962e-03 6.611e-03 2.666e-02 8.232e-02 1.530e-01 1.120e-03 1.728e-03 2.777e-03 4.180e-03 7.789e-03 
LeoI             0.01120173 15.6054 15.8655 16.3161 16.7147 16.9531 15.2838 15.3522 15.4317 15.5005 15.5584 2.445e-03 8.017e-03 3.093e-02 9.033e-02 1.668e-01 1.403e-03 2.150e-03 3.417e-03 5.145e-03 9.485e-03 
LeoI             0.01254788 15.7005 15.9520 16.3783 16.7566 16.9874 15.3807 15.4468 15.5219 15.5866 15.6418 3.040e-03 9.772e-03 3.584e-02 9.931e-02 1.813e-01 1.756e-03 2.672e-03 4.208e-03 6.321e-03 1.158e-02 
LeoI             0.01405580 15.7950 16.0375 16.4387 16.7980 17.0216 15.4777 15.5416 15.6117 15.6730 15.7261 3.774e-03 1.188e-02 4.154e-02 1.093e-01 1.974e-01 2.197e-03 3.320e-03 5.165e-03 7.756e-03 1.412e-02 
LeoI             0.01574493 15.8874 16.1235 16.4991 16.8386 17.0567 15.5745 15.6358 15.7018 15.7589 15.8106 4.683e-03 1.435e-02 4.773e-02 1.204e-01 2.149e-01 2.747e-03 4.118e-03 6.343e-03 9.519e-03 1.728e-02 
LeoI             0.01763705 15.9801 16.2093 16.5595 16.8793 17.0909 15.6715 15.7298 15.7911 15.8454 15.8942 5.789e-03 1.732e-02 5.500e-02 1.328e-01 2.343e-01 3.437e-03 5.105e-03 7.769e-03 1.168e-02 2.118e-02 
LeoI             0.01975655 16.0739 16.2944 16.6197 16.9205 17.1259 15.7670 15.8237 15.8800 15.9315 15.9782 7.163e-03 2.081e-02 6.336e-02 1.463e-01 2.562e-01 4.304e-03 6.333e-03 9.519e-03 1.428e-02 2.592e-02 
LeoI             0.02213075 16.1671 16.3768 16.6789 16.9619 17.1596 15.8621 15.9161 15.9689 16.0180 16.0624 8.875e-03 2.497e-02 7.287e-02 1.616e-01 2.792e-01 5.386e-03 7.845e-03 1.167e-02 1.747e-02 3.161e-02 
LeoI             0.02479028 16.2584 16.4584 16.7392 17.0022 17.1923 15.9561 16.0082 16.0571 16.1038 16.1465 1.099e-02 3.003e-02 8.374e-02 1.782e-01 3.022e-01 6.718e-03 9.708e-03 1.428e-02 2.132e-02 3.831e-02 
LeoI             0.02776940 16.3503 16.5407 16.7992 17.0440 17.2251 16.0500 16.0992 16.1454 16.1902 16.2313 1.358e-02 3.590e-02 9.579e-02 1.963e-01 3.289e-01 8.381e-03 1.201e-02 1.744e-02 2.605e-02 4.656e-02 
LeoI             0.03110654 16.4413 16.6210 16.8580 17.0841 17.2572 16.1417 16.1890 16.2332 16.2766 16.3180 1.673e-02 4.274e-02 1.094e-01 2.161e-01 3.577e-01 1.046e-02 1.481e-02 2.127e-02 3.183e-02 5.658e-02 
LeoI             0.03484471 16.5304 16.7006 16.9155 17.1243 17.2905 16.2321 16.2774 16.3200 16.3630 16.4040 2.076e-02 5.097e-02 1.251e-01 2.381e-01 3.912e-01 1.304e-02 1.830e-02 2.590e-02 3.872e-02 6.871e-02 
LeoI             0.03903211 16.6201 16.7790 16.9726 17.1638 17.3243 16.3217 16.3646 16.4066 16.4494 16.4907 2.565e-02 6.056e-02 1.430e-01 2.610e-01 4.260e-01 1.624e-02 2.257e-02 3.150e-02 4.708e-02 8.289e-02 
LeoI             0.04372272 16.7071 16.8544 17.0294 17.2040 17.3572 16.4082 16.4508 16.4930 16.5356 16.5781 3.164e-02 7.209e-02 1.627e-01 2.872e-01 4.619e-01 2.022e-02 2.780e-02 3.829e-02 5.704e-02 1.001e-01 
LeoI             0.04897702 16.7916 16.9296 17.0857 17.2445 17.3899 16.4928 16.5354 16.5782 16.6221 16.6665 3.891e-02 8.540e-02 1.850e-01 3.152e-01 5.016e-01 2.515e-02 3.418e-02 4.647e-02 6.889e-02 1.202e-01 
LeoI             0.05486275 16.8755 17.0026 17.1408 17.2848 17.4206 16.5749 16.6191 16.6628 16.7089 16.7560 4.759e-02 1.011e-01 2.100e-01 3.463e-01 5.456e-01 3.122e-02 4.193e-02 5.625e-02 8.312e-02 1.447e-01 
LeoI             0.06145578 16.9574 17.0727 17.1966 17.3252 17.4531 16.6539 16.7012 16.7466 16.7962 16.8448 5.823e-02 1.193e-01 2.376e-01 3.787e-01 5.890e-01 3.877e-02 5.139e-02 6.808e-02 1.002e-01 1.731e-01 
LeoI             0.06884112 17.0369 17.1401 17.2505 17.3650 17.4859 16.7307 16.7816 16.8300 16.8828 16.9352 7.093e-02 1.404e-01 2.680e-01 4.166e-01 6.331e-01 4.823e-02 6.304e-02 8.223e-02 1.207e-01 2.057e-01 
LeoI             0.07711397 17.1116 17.2041 17.3039 17.4066 17.5190 16.8042 16.8603 16.9124 16.9688 17.0252 8.632e-02 1.640e-01 3.010e-01 4.580e-01 6.786e-01 5.976e-02 7.715e-02 9.923e-02 1.450e-01 2.419e-01 
LeoI             0.08638100 17.1804 17.2654 17.3565 17.4483 17.5512 16.8758 16.9374 16.9936 17.0545 17.1148 1.047e-01 1.910e-01 3.366e-01 5.033e-01 7.262e-01 7.388e-02 9.424e-02 1.194e-01 1.736e-01 2.842e-01 
LeoI             0.09676168 17.2446 17.3225 17.4073 17.4924 17.5850 16.9449 17.0126 17.0740 17.1399 17.2041 1.269e-01 2.219e-01 3.755e-01 5.521e-01 7.701e-01 9.115e-02 1.147e-01 1.433e-01 2.069e-01 3.321e-01 
LeoI             0.10838984 17.3010 17.3751 17.4562 17.5376 17.6235 17.0114 17.0861 17.1531 17.2237 17.2924 1.536e-01 2.569e-01 4.169e-01 6.017e-01 8.111e-01 1.125e-01 1.395e-01 1.713e-01 2.446e-01 3.844e-01 
LeoI             0.12141539 17.3492 17.4235 17.5028 17.5844 17.6691 17.0743 17.1575 17.2303 17.3073 17.3818 1.847e-01 2.966e-01 4.601e-01 6.537e-01 8.531e-01 1.386e-01 1.694e-01 2.043e-01 2.881e-01 4.433e-01 
LeoI             0.13600627 17.3927 17.4662 17.5470 17.6324 17.7229 17.1327 17.2273 17.3061 17.3897 17.4699 2.215e-01 3.413e-01 5.059e-01 7.046e-01 8.915e-01 1.704e-01 2.049e-01 2.432e-01 3.374e-01 5.046e-01 
LeoI             0.15235057 17.4289 17.5051 17.5882 17.6798 17.7796 17.1884 17.2948 17.3802 17.4703 17.5574 2.653e-01 3.913e-01 5.558e-01 7.540e-01 9.214e-01 2.088e-01 2.468e-01 2.883e-01 3.939e-01 5.687e-01 
LeoI             0.17065902 17.4600 17.5391 17.6264 17.7281 17.8395 17.2390 17.3597 17.4527 17.5491 17.6440 3.163e-01 4.463e-01 6.081e-01 8.017e-01 9.469e-01 2.551e-01 2.962e-01 3.404e-01 4.565e-01 6.360e-01 
LeoI             0.19116766 17.4843 17.5696 17.6623 17.7756 17.9030 17.2839 17.4217 17.5230 17.6264 17.7282 3.755e-01 5.069e-01 6.615e-01 8.459e-01 9.654e-01 3.106e-01 3.540e-01 4.001e-01 5.233e-01 6.998e-01 
LeoI             0.21414089 17.5005 17.5951 17.6961 17.8209 17.9683 17.3246 17.4782 17.5910 17.7017 17.8097 4.434e-01 5.723e-01 7.161e-01 8.846e-01 9.789e-01 3.765e-01 4.212e-01 4.680e-01 5.947e-01 7.610e-01 
LeoI             0.23987488 17.5147 17.6167 17.7267 17.8652 18.0334 17.3592 17.5303 17.6557 17.7739 17.8890 5.213e-01 6.418e-01 7.700e-01 9.180e-01 9.875e-01 4.543e-01 4.989e-01 5.447e-01 6.692e-01 8.198e-01 
LeoI             0.26870141 17.5248 17.6346 17.7562 17.9073 18.0936 17.3879 17.5785 17.7178 17.8429 17.9674 6.069e-01 7.142e-01 8.225e-01 9.456e-01 9.933e-01 5.440e-01 5.863e-01 6.294e-01 7.445e-01 8.723e-01 
LeoI             0.30099211 17.5313 17.6495 17.7830 17.9467 18.1499 17.4114 17.6218 17.7753 17.9076 18.0412 7.005e-01 7.892e-01 8.736e-01 9.672e-01 9.968e-01 6.457e-01 6.831e-01 7.203e-01 8.185e-01 9.178e-01 
LeoI             0.33716329 17.5358 17.6612 17.8066 17.9840 18.2041 17.4316 17.6591 17.8270 17.9672 18.1086 7.991e-01 8.633e-01 9.214e-01 9.827e-01 9.987e-01 7.576e-01 7.861e-01 8.146e-01 8.871e-01 9.540e-01 
LeoI             0.37768127 17.5379 17.6696 17.8252 18.0147 18.2522 17.4454 17.6881 17.8723 18.0199 18.1684 8.971e-01 9.321e-01 9.626e-01 9.931e-01 9.996e-01 8.729e-01 8.894e-01 9.061e-01 9.470e-01 9.802e-01 
LeoI             0.42306843 17.5394 17.6752 17.8383 18.0363 18.2854 17.4524 17.7080 17.9063 18.0596 18.2133 9.786e-01 9.864e-01 9.928e-01 9.988e-01 9.999e-01 9.729e-01 9.768e-01 9.807e-01 9.898e-01 9.965e-01 
LeoI             0.47390991 17.5397 17.6765 17.8415 18.0418 18.2942 17.4547 17.7127 17.9150 18.0697 18.2250 1.000e+00 1.000e+00 1.000e+00 1.000e+00 1.000e+00 1.000e+00 1.000e+00 1.000e+00 1.000e+00 1.000e+00 
LeoI             0.53086117 17.5397 17.6765 17.8415 18.0418 18.2942 17.4547 17.7127 17.9150 18.0697 18.2250 1.000e+00 1.000e+00 1.000e+00 1.000e+00 1.000e+00 1.000e+00 1.000e+00 1.000e+00 1.000e+00 1.000e+00 
LeoI             0.59465645 17.5397 17.6765 17.8415 18.0418 18.2942 17.4547 17.7127 17.9150 18.0697 18.2250 1.000e+00 1.000e+00 1.000e+00 1.000e+00 1.000e+00 1.000e+00 1.000e+00 1.000e+00 1.000e+00 1.000e+00 
LeoI             0.66611821 17.5397 17.6765 17.8415 18.0418 18.2942 17.4547 17.7127 17.9150 18.0697 18.2250 1.000e+00 1.000e+00 1.000e+00 1.000e+00 1.000e+00 1.000e+00 1.000e+00 1.000e+00 1.000e+00 1.000e+00 
LeoI             0.74616775 17.5397 17.6765 17.8415 18.0418 18.2942 17.4547 17.7127 17.9150 18.0697 18.2250 1.000e+00 1.000e+00 1.000e+00 1.000e+00 1.000e+00 1.000e+00 1.000e+00 1.000e+00 1.000e+00 1.000e+00 
LeoI             0.83583710 17.5397 17.6765 17.8415 18.0418 18.2942 17.4547 17.7127 17.9150 18.0697 18.2250 1.000e+00 1.000e+00 1.000e+00 1.000e+00 1.000e+00 1.000e+00 1.000e+00 1.000e+00 1.000e+00 1.000e+00 
LeoI             0.93628230 17.5397 17.6765 17.8415 18.0418 18.2942 17.4547 17.7127 17.9150 18.0697 18.2250 1.000e+00 1.000e+00 1.000e+00 1.000e+00 1.000e+00 1.000e+00 1.000e+00 1.000e+00 1.000e+00 1.000e+00 
LeoI             1.04879832 17.5397 17.6765 17.8415 18.0418 18.2942 17.4547 17.7127 17.9150 18.0697 18.2250 1.000e+00 1.000e+00 1.000e+00 1.000e+00 1.000e+00 1.000e+00 1.000e+00 1.000e+00 1.000e+00 1.000e+00 
LeoI             1.17483576 17.5397 17.6765 17.8415 18.0418 18.2942 17.4547 17.7127 17.9150 18.0697 18.2250 1.000e+00 1.000e+00 1.000e+00 1.000e+00 1.000e+00 1.000e+00 1.000e+00 1.000e+00 1.000e+00 1.000e+00 
LeoI             1.31601950 17.5397 17.6765 17.8415 18.0418 18.2942 17.4547 17.7127 17.9150 18.0697 18.2250 1.000e+00 1.000e+00 1.000e+00 1.000e+00 1.000e+00 1.000e+00 1.000e+00 1.000e+00 1.000e+00 1.000e+00 
LeoI             1.47416975 17.5397 17.6765 17.8415 18.0418 18.2942 17.4547 17.7127 17.9150 18.0697 18.2250 1.000e+00 1.000e+00 1.000e+00 1.000e+00 1.000e+00 1.000e+00 1.000e+00 1.000e+00 1.000e+00 1.000e+00 
LeoI             1.65132542 17.5397 17.6765 17.8415 18.0418 18.2942 17.4547 17.7127 17.9150 18.0697 18.2250 1.000e+00 1.000e+00 1.000e+00 1.000e+00 1.000e+00 1.000e+00 1.000e+00 1.000e+00 1.000e+00 1.000e+00 
LeoI             1.84977045 17.5397 17.6765 17.8415 18.0418 18.2942 17.4547 17.7127 17.9150 18.0697 18.2250 1.000e+00 1.000e+00 1.000e+00 1.000e+00 1.000e+00 1.000e+00 1.000e+00 1.000e+00 1.000e+00 1.000e+00 
LeoI             2.07206325 17.5397 17.6765 17.8415 18.0418 18.2942 17.4547 17.7127 17.9150 18.0697 18.2250 1.000e+00 1.000e+00 1.000e+00 1.000e+00 1.000e+00 1.000e+00 1.000e+00 1.000e+00 1.000e+00 1.000e+00 
LeoI             2.32106968 17.5397 17.6765 17.8415 18.0418 18.2942 17.4547 17.7127 17.9150 18.0697 18.2250 1.000e+00 1.000e+00 1.000e+00 1.000e+00 1.000e+00 1.000e+00 1.000e+00 1.000e+00 1.000e+00 1.000e+00 
LeoI             2.60000000 17.5397 17.6765 17.8415 18.0418 18.2942 17.4547 17.7127 17.9150 18.0697 18.2250 1.000e+00 1.000e+00 1.000e+00 1.000e+00 1.000e+00 1.000e+00 1.000e+00 1.000e+00 1.000e+00 1.000e+00 

