Hercules          0.01000000 13.2949 14.2364 15.5117 17.0340 18.1544 13.9135 14.2976 14.7774 15.2843 15.6885 2.371e-03 4.804e-03 5.551e-02 4.395e-01 8.414e-01 2.145e-03 2.825e-03 7.885e-03 8.863e-02 2.998e-01 
Hercules          0.01120173 13.3905 14.3253 15.5825 17.0789 18.1789 14.0117 14.3939 14.8690 15.3637 15.7569 2.973e-03 5.937e-03 6.452e-02 4.894e-01 8.726e-01 2.692e-03 3.537e-03 9.639e-03 1.070e-01 3.434e-01 
Hercules          0.01254788 13.4835 14.4098 15.6512 17.1259 18.1973 14.1097 14.4880 14.9586 15.4434 15.8201 3.726e-03 7.357e-03 7.509e-02 5.370e-01 9.005e-01 3.377e-03 4.427e-03 1.180e-02 1.275e-01 3.910e-01 
Hercules          0.01405580 13.5770 14.4962 15.7188 17.1672 18.2144 14.2064 14.5817 15.0465 15.5197 15.8836 4.671e-03 9.065e-03 8.736e-02 5.897e-01 9.256e-01 4.234e-03 5.532e-03 1.445e-02 1.518e-01 4.429e-01 
Hercules          0.01574493 13.6721 14.5802 15.7819 17.2053 18.2254 14.3024 14.6760 15.1352 15.5922 15.9427 5.847e-03 1.120e-02 1.014e-01 6.430e-01 9.463e-01 5.304e-03 6.907e-03 1.761e-02 1.784e-01 4.992e-01 
Hercules          0.01763705 13.7671 14.6686 15.8486 17.2419 18.2331 14.3970 14.7705 15.2238 15.6614 15.9981 7.308e-03 1.383e-02 1.164e-01 6.978e-01 9.628e-01 6.639e-03 8.610e-03 2.159e-02 2.097e-01 5.574e-01 
Hercules          0.01975655 13.8618 14.7524 15.9180 17.2748 18.2443 14.4927 14.8642 15.3095 15.7296 16.0515 9.148e-03 1.703e-02 1.346e-01 7.493e-01 9.754e-01 8.324e-03 1.074e-02 2.647e-02 2.469e-01 6.194e-01 
Hercules          0.02213075 13.9560 14.8292 15.9775 17.3046 18.2498 14.5888 14.9576 15.3951 15.7978 16.1017 1.145e-02 2.099e-02 1.553e-01 7.950e-01 9.840e-01 1.044e-02 1.341e-02 3.232e-02 2.869e-01 6.764e-01 
Hercules          0.02479028 14.0501 14.9138 16.0409 17.3340 18.2583 14.6846 15.0493 15.4813 15.8618 16.1498 1.431e-02 2.579e-02 1.784e-01 8.358e-01 9.905e-01 1.307e-02 1.670e-02 3.938e-02 3.313e-01 7.283e-01 
Hercules          0.02776940 14.1433 14.9923 16.1050 17.3555 18.2687 14.7787 15.1400 15.5650 15.9216 16.1986 1.788e-02 3.167e-02 2.038e-01 8.730e-01 9.946e-01 1.636e-02 2.077e-02 4.794e-02 3.788e-01 7.787e-01 
Hercules          0.03110654 14.2380 15.0703 16.1595 17.3745 18.2789 14.8735 15.2299 15.6475 15.9815 16.2498 2.230e-02 3.886e-02 2.317e-01 9.050e-01 9.970e-01 2.046e-02 2.582e-02 5.833e-02 4.287e-01 8.226e-01 
Hercules          0.03484471 14.3311 15.1498 16.2191 17.3946 18.2866 14.9687 15.3202 15.7249 16.0395 16.3032 2.785e-02 4.760e-02 2.630e-01 9.331e-01 9.985e-01 2.561e-02 3.211e-02 7.070e-02 4.838e-01 8.634e-01 
Hercules          0.03903211 14.4239 15.2259 16.2774 17.4087 18.2876 15.0609 15.4094 15.7959 16.0970 16.3581 3.477e-02 5.838e-02 2.967e-01 9.538e-01 9.992e-01 3.206e-02 3.992e-02 8.608e-02 5.377e-01 8.974e-01 
Hercules          0.04372272 14.5117 15.3007 16.3340 17.4198 18.2893 15.1542 15.4977 15.8663 16.1528 16.4155 4.336e-02 7.115e-02 3.361e-01 9.692e-01 9.997e-01 4.011e-02 4.958e-02 1.039e-01 5.916e-01 9.250e-01 
Hercules          0.04897702 14.5987 15.3731 16.3859 17.4291 18.2929 15.2478 15.5852 15.9338 16.2101 16.4761 5.401e-02 8.652e-02 3.765e-01 9.804e-01 9.999e-01 5.010e-02 6.151e-02 1.252e-01 6.436e-01 9.471e-01 
Hercules          0.05486275 14.6823 15.4450 16.4337 17.4386 18.2960 15.3407 15.6679 15.9980 16.2647 16.5351 6.717e-02 1.049e-01 4.182e-01 9.883e-01 9.999e-01 6.252e-02 7.604e-02 1.506e-01 6.991e-01 9.627e-01 
Hercules          0.06145578 14.7608 15.5213 16.4753 17.4494 18.2979 15.4379 15.7463 16.0562 16.3200 16.5955 8.348e-02 1.275e-01 4.624e-01 9.932e-01 1.000e+00 7.798e-02 9.390e-02 1.807e-01 7.487e-01 9.739e-01 
Hercules          0.06884112 14.8461 15.5916 16.5192 17.4595 18.2982 15.5267 15.8214 16.1119 16.3753 16.6664 1.038e-01 1.545e-01 5.100e-01 9.963e-01 1.000e+00 9.735e-02 1.161e-01 2.166e-01 7.962e-01 9.829e-01 
Hercules          0.07711397 14.9310 15.6593 16.5656 17.4706 18.3007 15.6077 15.8925 16.1678 16.4371 16.7331 1.289e-01 1.863e-01 5.624e-01 9.979e-01 1.000e+00 1.213e-01 1.431e-01 2.582e-01 8.359e-01 9.892e-01 
Hercules          0.08638100 15.0168 15.7232 16.6038 17.4790 18.3011 15.6823 15.9578 16.2215 16.5002 16.8009 1.596e-01 2.243e-01 6.142e-01 9.990e-01 1.000e+00 1.508e-01 1.759e-01 3.064e-01 8.711e-01 9.931e-01 
Hercules          0.09676168 15.1073 15.7884 16.6417 17.4888 18.3014 15.7505 16.0142 16.2720 16.5599 16.8779 1.971e-01 2.687e-01 6.692e-01 9.995e-01 1.000e+00 1.871e-01 2.155e-01 3.598e-01 9.005e-01 9.958e-01 
Hercules          0.10838984 15.1818 15.8517 16.6732 17.4967 18.3028 15.8128 16.0602 16.3191 16.6219 16.9554 2.432e-01 3.211e-01 7.240e-01 9.998e-01 1.000e+00 2.318e-01 2.633e-01 4.204e-01 9.272e-01 9.975e-01 
Hercules          0.12141539 15.2602 15.9139 16.7055 17.5116 18.3029 15.8584 16.1020 16.3655 16.6837 17.0317 2.990e-01 3.819e-01 7.787e-01 9.999e-01 1.000e+00 2.865e-01 3.210e-01 4.868e-01 9.461e-01 9.985e-01 
Hercules          0.13600627 15.3371 15.9669 16.7345 17.5226 18.3030 15.8855 16.1406 16.4149 16.7469 17.1023 3.663e-01 4.517e-01 8.294e-01 1.000e+00 1.000e+00 3.529e-01 3.893e-01 5.595e-01 9.619e-01 9.991e-01 
Hercules          0.15235057 15.4056 16.0139 16.7624 17.5387 18.3111 15.9056 16.1741 16.4627 16.8089 17.1753 4.460e-01 5.311e-01 8.745e-01 1.000e+00 1.000e+00 4.323e-01 4.696e-01 6.373e-01 9.741e-01 9.995e-01 
Hercules          0.17065902 15.4623 16.0580 16.7909 17.5540 18.3171 15.9192 16.2041 16.5097 16.8710 17.2418 5.395e-01 6.196e-01 9.130e-01 1.000e+00 1.000e+00 5.261e-01 5.623e-01 7.180e-01 9.836e-01 9.997e-01 
Hercules          0.19116766 15.5310 16.0966 16.8123 17.5619 18.3247 15.9292 16.2214 16.5501 16.9276 17.3076 6.472e-01 7.162e-01 9.454e-01 1.000e+00 1.000e+00 6.348e-01 6.669e-01 8.002e-01 9.904e-01 9.999e-01 
Hercules          0.21414089 15.5798 16.1318 16.8288 17.5776 18.3303 15.9363 16.2394 16.5938 16.9801 17.3738 7.660e-01 8.176e-01 9.708e-01 1.000e+00 1.000e+00 7.564e-01 7.809e-01 8.782e-01 9.951e-01 9.999e-01 
Hercules          0.23987488 15.6099 16.1611 16.8474 17.5899 18.3460 15.9396 16.2492 16.6290 17.0331 17.4262 8.876e-01 9.150e-01 9.886e-01 1.000e+00 1.000e+00 8.823e-01 8.958e-01 9.463e-01 9.981e-01 1.000e+00 
Hercules          0.26870141 15.6338 16.1854 16.8625 17.6004 18.3495 15.9421 16.2540 16.6521 17.0663 17.4643 9.834e-01 9.878e-01 9.986e-01 1.000e+00 1.000e+00 9.825e-01 9.847e-01 9.927e-01 9.998e-01 1.000e+00 
Hercules          0.30099211 15.6390 16.1895 16.8649 17.6029 18.3495 15.9422 16.2544 16.6560 17.0726 17.4705 1.000e+00 1.000e+00 1.000e+00 1.000e+00 1.000e+00 1.000e+00 1.000e+00 1.000e+00 1.000e+00 1.000e+00 
Hercules          0.33716329 15.6390 16.1895 16.8649 17.6029 18.3495 15.9422 16.2544 16.6560 17.0726 17.4705 1.000e+00 1.000e+00 1.000e+00 1.000e+00 1.000e+00 1.000e+00 1.000e+00 1.000e+00 1.000e+00 1.000e+00 
Hercules          0.37768127 15.6390 16.1895 16.8649 17.6029 18.3495 15.9422 16.2544 16.6560 17.0726 17.4705 1.000e+00 1.000e+00 1.000e+00 1.000e+00 1.000e+00 1.000e+00 1.000e+00 1.000e+00 1.000e+00 1.000e+00 
Hercules          0.42306843 15.6390 16.1895 16.8649 17.6029 18.3495 15.9422 16.2544 16.6560 17.0726 17.4705 1.000e+00 1.000e+00 1.000e+00 1.000e+00 1.000e+00 1.000e+00 1.000e+00 1.000e+00 1.000e+00 1.000e+00 
Hercules          0.47390991 15.6390 16.1895 16.8649 17.6029 18.3495 15.9422 16.2544 16.6560 17.0726 17.4705 1.000e+00 1.000e+00 1.000e+00 1.000e+00 1.000e+00 1.000e+00 1.000e+00 1.000e+00 1.000e+00 1.000e+00 
Hercules          0.53086117 15.6390 16.1895 16.8649 17.6029 18.3495 15.9422 16.2544 16.6560 17.0726 17.4705 1.000e+00 1.000e+00 1.000e+00 1.000e+00 1.000e+00 1.000e+00 1.000e+00 1.000e+00 1.000e+00 1.000e+00 
Hercules          0.59465645 15.6390 16.1895 16.8649 17.6029 18.3495 15.9422 16.2544 16.6560 17.0726 17.4705 1.000e+00 1.000e+00 1.000e+00 1.000e+00 1.000e+00 1.000e+00 1.000e+00 1.000e+00 1.000e+00 1.000e+00 
Hercules          0.66611821 15.6390 16.1895 16.8649 17.6029 18.3495 15.9422 16.2544 16.6560 17.0726 17.4705 1.000e+00 1.000e+00 1.000e+00 1.000e+00 1.000e+00 1.000e+00 1.000e+00 1.000e+00 1.000e+00 1.000e+00 
Hercules          0.74616775 15.6390 16.1895 16.8649 17.6029 18.3495 15.9422 16.2544 16.6560 17.0726 17.4705 1.000e+00 1.000e+00 1.000e+00 1.000e+00 1.000e+00 1.000e+00 1.000e+00 1.000e+00 1.000e+00 1.000e+00 
Hercules          0.83583710 15.6390 16.1895 16.8649 17.6029 18.3495 15.9422 16.2544 16.6560 17.0726 17.4705 1.000e+00 1.000e+00 1.000e+00 1.000e+00 1.000e+00 1.000e+00 1.000e+00 1.000e+00 1.000e+00 1.000e+00 
Hercules          0.93628230 15.6390 16.1895 16.8649 17.6029 18.3495 15.9422 16.2544 16.6560 17.0726 17.4705 1.000e+00 1.000e+00 1.000e+00 1.000e+00 1.000e+00 1.000e+00 1.000e+00 1.000e+00 1.000e+00 1.000e+00 
Hercules          1.04879832 15.6390 16.1895 16.8649 17.6029 18.3495 15.9422 16.2544 16.6560 17.0726 17.4705 1.000e+00 1.000e+00 1.000e+00 1.000e+00 1.000e+00 1.000e+00 1.000e+00 1.000e+00 1.000e+00 1.000e+00 
Hercules          1.17483576 15.6390 16.1895 16.8649 17.6029 18.3495 15.9422 16.2544 16.6560 17.0726 17.4705 1.000e+00 1.000e+00 1.000e+00 1.000e+00 1.000e+00 1.000e+00 1.000e+00 1.000e+00 1.000e+00 1.000e+00 
Hercules          1.31601950 15.6390 16.1895 16.8649 17.6029 18.3495 15.9422 16.2544 16.6560 17.0726 17.4705 1.000e+00 1.000e+00 1.000e+00 1.000e+00 1.000e+00 1.000e+00 1.000e+00 1.000e+00 1.000e+00 1.000e+00 
Hercules          1.47416975 15.6390 16.1895 16.8649 17.6029 18.3495 15.9422 16.2544 16.6560 17.0726 17.4705 1.000e+00 1.000e+00 1.000e+00 1.000e+00 1.000e+00 1.000e+00 1.000e+00 1.000e+00 1.000e+00 1.000e+00 
Hercules          1.65132542 15.6390 16.1895 16.8649 17.6029 18.3495 15.9422 16.2544 16.6560 17.0726 17.4705 1.000e+00 1.000e+00 1.000e+00 1.000e+00 1.000e+00 1.000e+00 1.000e+00 1.000e+00 1.000e+00 1.000e+00 
Hercules          1.84977045 15.6390 16.1895 16.8649 17.6029 18.3495 15.9422 16.2544 16.6560 17.0726 17.4705 1.000e+00 1.000e+00 1.000e+00 1.000e+00 1.000e+00 1.000e+00 1.000e+00 1.000e+00 1.000e+00 1.000e+00 
Hercules          2.07206325 15.6390 16.1895 16.8649 17.6029 18.3495 15.9422 16.2544 16.6560 17.0726 17.4705 1.000e+00 1.000e+00 1.000e+00 1.000e+00 1.000e+00 1.000e+00 1.000e+00 1.000e+00 1.000e+00 1.000e+00 
Hercules          2.32106968 15.6390 16.1895 16.8649 17.6029 18.3495 15.9422 16.2544 16.6560 17.0726 17.4705 1.000e+00 1.000e+00 1.000e+00 1.000e+00 1.000e+00 1.000e+00 1.000e+00 1.000e+00 1.000e+00 1.000e+00 
Hercules          2.60000000 15.6390 16.1895 16.8649 17.6029 18.3495 15.9422 16.2544 16.6560 17.0726 17.4705 1.000e+00 1.000e+00 1.000e+00 1.000e+00 1.000e+00 1.000e+00 1.000e+00 1.000e+00 1.000e+00 1.000e+00 

