Fornax            0.01000000 15.0820 15.3627 15.9930 16.8709 17.4061 14.9246 15.0079 15.1754 15.3929 15.5701 2.006e-03 3.716e-03 1.453e-02 8.438e-02 1.908e-01 6.705e-04 9.672e-04 1.506e-03 2.644e-03 4.330e-03 
Fornax            0.01120173 15.1793 15.4580 16.0710 16.9149 17.4413 15.0228 15.1056 15.2701 15.4795 15.6533 2.516e-03 4.621e-03 1.738e-02 9.369e-02 2.073e-01 8.407e-04 1.212e-03 1.875e-03 3.240e-03 5.288e-03 
Fornax            0.01254788 15.2763 15.5525 16.1484 16.9595 17.4759 15.1211 15.2031 15.3638 15.5660 15.7354 3.156e-03 5.755e-03 2.073e-02 1.043e-01 2.242e-01 1.053e-03 1.516e-03 2.325e-03 3.964e-03 6.431e-03 
Fornax            0.01405580 15.3733 15.6462 16.2246 17.0048 17.5094 15.2193 15.3005 15.4573 15.6523 15.8182 3.953e-03 7.146e-03 2.474e-02 1.159e-01 2.428e-01 1.318e-03 1.895e-03 2.883e-03 4.849e-03 7.761e-03 
Fornax            0.01574493 15.4710 15.7389 16.3019 17.0503 17.5453 15.3174 15.3974 15.5506 15.7382 15.8997 4.940e-03 8.882e-03 2.954e-02 1.285e-01 2.626e-01 1.647e-03 2.368e-03 3.572e-03 5.922e-03 9.362e-03 
Fornax            0.01763705 15.5679 15.8322 16.3773 17.0937 17.5783 15.4155 15.4947 15.6435 15.8231 15.9813 6.170e-03 1.103e-02 3.521e-02 1.420e-01 2.830e-01 2.057e-03 2.950e-03 4.420e-03 7.220e-03 1.133e-02 
Fornax            0.01975655 15.6645 15.9265 16.4526 17.1374 17.6187 15.5135 15.5915 15.7363 15.9086 16.0623 7.719e-03 1.369e-02 4.196e-02 1.572e-01 3.057e-01 2.575e-03 3.685e-03 5.475e-03 8.825e-03 1.373e-02 
Fornax            0.02213075 15.7619 16.0194 16.5270 17.1811 17.6549 15.6111 15.6879 15.8284 15.9932 16.1434 9.657e-03 1.695e-02 4.993e-02 1.740e-01 3.299e-01 3.224e-03 4.592e-03 6.772e-03 1.075e-02 1.660e-02 
Fornax            0.02479028 15.8588 16.1115 16.6002 17.2249 17.6907 15.7088 15.7844 15.9202 16.0779 16.2226 1.207e-02 2.099e-02 5.901e-02 1.920e-01 3.570e-01 4.021e-03 5.722e-03 8.362e-03 1.309e-02 2.001e-02 
Fornax            0.02776940 15.9553 16.2025 16.6732 17.2691 17.7245 15.8068 15.8809 16.0118 16.1625 16.3010 1.509e-02 2.592e-02 6.970e-02 2.122e-01 3.849e-01 5.015e-03 7.113e-03 1.031e-02 1.592e-02 2.406e-02 
Fornax            0.03110654 16.0509 16.2940 16.7442 17.3119 17.7556 15.9044 15.9772 16.1030 16.2457 16.3805 1.880e-02 3.198e-02 8.213e-02 2.336e-01 4.143e-01 6.252e-03 8.846e-03 1.273e-02 1.930e-02 2.894e-02 
Fornax            0.03484471 16.1463 16.3831 16.8145 17.3535 17.7873 16.0016 16.0729 16.1938 16.3283 16.4585 2.344e-02 3.938e-02 9.680e-02 2.578e-01 4.445e-01 7.811e-03 1.099e-02 1.567e-02 2.342e-02 3.485e-02 
Fornax            0.03903211 16.2408 16.4732 16.8844 17.3949 17.8172 16.0988 16.1685 16.2841 16.4100 16.5347 2.923e-02 4.860e-02 1.136e-01 2.835e-01 4.761e-01 9.722e-03 1.363e-02 1.932e-02 2.842e-02 4.175e-02 
Fornax            0.04372272 16.3357 16.5617 16.9535 17.4370 17.8466 16.1961 16.2636 16.3736 16.4914 16.6102 3.641e-02 5.967e-02 1.333e-01 3.118e-01 5.079e-01 1.211e-02 1.687e-02 2.379e-02 3.445e-02 4.986e-02 
Fornax            0.04897702 16.4296 16.6496 17.0220 17.4772 17.8745 16.2928 16.3584 16.4626 16.5722 16.6846 4.523e-02 7.301e-02 1.559e-01 3.419e-01 5.414e-01 1.501e-02 2.085e-02 2.919e-02 4.165e-02 5.940e-02 
Fornax            0.05486275 16.5242 16.7369 17.0893 17.5185 17.9013 16.3888 16.4527 16.5506 16.6528 16.7585 5.599e-02 8.907e-02 1.816e-01 3.742e-01 5.765e-01 1.863e-02 2.575e-02 3.572e-02 5.032e-02 7.103e-02 
Fornax            0.06145578 16.6159 16.8228 17.1554 17.5582 17.9273 16.4852 16.5461 16.6372 16.7325 16.8312 6.917e-02 1.083e-01 2.111e-01 4.099e-01 6.124e-01 2.295e-02 3.174e-02 4.370e-02 6.067e-02 8.448e-02 
Fornax            0.06884112 16.7069 16.9069 17.2199 17.5963 17.9531 16.5806 16.6391 16.7233 16.8113 16.9023 8.546e-02 1.318e-01 2.445e-01 4.467e-01 6.493e-01 2.836e-02 3.908e-02 5.325e-02 7.306e-02 1.001e-01 
Fornax            0.07711397 16.7965 16.9881 17.2814 17.6329 17.9787 16.6758 16.7315 16.8089 16.8888 16.9715 1.055e-01 1.598e-01 2.821e-01 4.861e-01 6.845e-01 3.497e-02 4.795e-02 6.497e-02 8.791e-02 1.190e-01 
Fornax            0.08638100 16.8858 17.0679 17.3407 17.6687 18.0016 16.7702 16.8226 16.8931 16.9648 17.0396 1.294e-01 1.926e-01 3.239e-01 5.275e-01 7.207e-01 4.297e-02 5.870e-02 7.891e-02 1.051e-01 1.410e-01 
Fornax            0.09676168 16.9739 17.1464 17.3981 17.7020 18.0215 16.8640 16.9122 16.9758 17.0398 17.1060 1.582e-01 2.304e-01 3.699e-01 5.701e-01 7.560e-01 5.271e-02 7.159e-02 9.544e-02 1.254e-01 1.663e-01 
Fornax            0.10838984 17.0584 17.2216 17.4524 17.7345 18.0406 16.9565 17.0008 17.0569 17.1131 17.1713 1.927e-01 2.743e-01 4.191e-01 6.138e-01 7.898e-01 6.418e-02 8.701e-02 1.151e-01 1.497e-01 1.948e-01 
Fornax            0.12141539 17.1406 17.2930 17.5050 17.7653 18.0557 17.0479 17.0874 17.1361 17.1846 17.2343 2.342e-01 3.254e-01 4.724e-01 6.579e-01 8.192e-01 7.781e-02 1.051e-01 1.385e-01 1.781e-01 2.286e-01 
Fornax            0.13600627 17.2198 17.3608 17.5542 17.7948 18.0712 17.1374 17.1724 17.2136 17.2541 17.2957 2.819e-01 3.810e-01 5.290e-01 7.026e-01 8.483e-01 9.365e-02 1.266e-01 1.658e-01 2.111e-01 2.666e-01 
Fornax            0.15235057 17.2953 17.4264 17.6001 17.8207 18.0857 17.2252 17.2553 17.2890 17.3216 17.3554 3.364e-01 4.423e-01 5.876e-01 7.466e-01 8.759e-01 1.116e-01 1.515e-01 1.975e-01 2.487e-01 3.098e-01 
Fornax            0.17065902 17.3683 17.4871 17.6424 17.8443 18.0982 17.3097 17.3353 17.3619 17.3874 17.4133 3.983e-01 5.079e-01 6.469e-01 7.899e-01 9.006e-01 1.325e-01 1.807e-01 2.339e-01 2.914e-01 3.585e-01 
Fornax            0.19116766 17.4365 17.5435 17.6810 17.8664 18.1081 17.3912 17.4114 17.4316 17.4512 17.4707 4.665e-01 5.779e-01 7.055e-01 8.298e-01 9.215e-01 1.566e-01 2.134e-01 2.752e-01 3.399e-01 4.122e-01 
Fornax            0.21414089 17.4980 17.5933 17.7143 17.8849 18.1170 17.4672 17.4825 17.4977 17.5134 17.5290 5.380e-01 6.480e-01 7.611e-01 8.659e-01 9.404e-01 1.838e-01 2.501e-01 3.218e-01 3.940e-01 4.707e-01 
Fornax            0.23987488 17.5521 17.6368 17.7438 17.9002 18.1237 17.5323 17.5464 17.5608 17.5754 17.5900 6.116e-01 7.156e-01 8.136e-01 8.977e-01 9.560e-01 2.139e-01 2.908e-01 3.732e-01 4.521e-01 5.313e-01 
Fornax            0.26870141 17.5984 17.6731 17.7681 17.9135 18.1289 17.5848 17.6028 17.6200 17.6367 17.6523 6.848e-01 7.788e-01 8.596e-01 9.248e-01 9.678e-01 2.475e-01 3.351e-01 4.280e-01 5.147e-01 5.959e-01 
Fornax            0.30099211 17.6392 17.7032 17.7881 17.9236 18.1330 17.6291 17.6533 17.6753 17.6960 17.7142 7.541e-01 8.351e-01 8.993e-01 9.476e-01 9.778e-01 2.836e-01 3.823e-01 4.860e-01 5.794e-01 6.614e-01 
Fornax            0.33716329 17.6718 17.7268 17.8032 17.9319 18.1358 17.6671 17.6981 17.7255 17.7512 17.7742 8.160e-01 8.822e-01 9.315e-01 9.652e-01 9.853e-01 3.218e-01 4.320e-01 5.464e-01 6.453e-01 7.251e-01 
Fornax            0.37768127 17.6951 17.7449 17.8144 17.9382 18.1382 17.7011 17.7373 17.7705 17.8013 17.8308 8.664e-01 9.193e-01 9.553e-01 9.781e-01 9.909e-01 3.624e-01 4.829e-01 6.079e-01 7.094e-01 7.866e-01 
Fornax            0.42306843 17.7130 17.7583 17.8225 17.9418 18.1400 17.7300 17.7717 17.8099 17.8466 17.8816 9.060e-01 9.468e-01 9.724e-01 9.872e-01 9.949e-01 4.056e-01 5.348e-01 6.674e-01 7.695e-01 8.408e-01 
Fornax            0.47390991 17.7257 17.7672 17.8276 17.9447 18.1409 17.7549 17.8007 17.8443 17.8864 17.9286 9.363e-01 9.665e-01 9.839e-01 9.930e-01 9.974e-01 4.500e-01 5.862e-01 7.239e-01 8.238e-01 8.870e-01 
Fornax            0.53086117 17.7334 17.7728 17.8309 17.9467 18.1413 17.7752 17.8255 17.8738 17.9211 17.9701 9.575e-01 9.797e-01 9.912e-01 9.965e-01 9.988e-01 4.967e-01 6.359e-01 7.760e-01 8.698e-01 9.230e-01 
Fornax            0.59465645 17.7381 17.7760 17.8330 17.9479 18.1415 17.7914 17.8455 17.8985 17.9517 18.0074 9.720e-01 9.880e-01 9.954e-01 9.984e-01 9.995e-01 5.426e-01 6.832e-01 8.223e-01 9.071e-01 9.500e-01 
Fornax            0.66611821 17.7410 17.7780 17.8341 17.9489 18.1416 17.8038 17.8619 17.9188 17.9772 18.0403 9.817e-01 9.931e-01 9.977e-01 9.994e-01 9.998e-01 5.884e-01 7.286e-01 8.624e-01 9.362e-01 9.685e-01 
Fornax            0.74616775 17.7422 17.7789 17.8348 17.9493 18.1419 17.8130 17.8733 17.9349 17.9994 18.0687 9.881e-01 9.960e-01 9.989e-01 9.998e-01 9.999e-01 6.340e-01 7.704e-01 8.955e-01 9.576e-01 9.811e-01 
Fornax            0.83583710 17.7429 17.7794 17.8353 17.9496 18.1420 17.8200 17.8824 17.9484 18.0179 18.0939 9.923e-01 9.978e-01 9.995e-01 9.999e-01 1.000e+00 6.774e-01 8.081e-01 9.223e-01 9.727e-01 9.891e-01 
Fornax            0.93628230 17.7432 17.7797 17.8355 17.9498 18.1421 17.8249 17.8892 17.9584 18.0335 18.1166 9.950e-01 9.988e-01 9.998e-01 1.000e+00 1.000e+00 7.211e-01 8.428e-01 9.438e-01 9.831e-01 9.939e-01 
Fornax            1.04879832 17.7434 17.7799 17.8356 17.9498 18.1421 17.8281 17.8937 17.9667 18.0476 18.1374 9.968e-01 9.994e-01 9.999e-01 1.000e+00 1.000e+00 7.629e-01 8.736e-01 9.602e-01 9.899e-01 9.968e-01 
Fornax            1.17483576 17.7434 17.7800 17.8358 17.9498 18.1422 17.8300 17.8970 17.9731 18.0587 18.1562 9.980e-01 9.997e-01 1.000e+00 1.000e+00 1.000e+00 8.032e-01 9.007e-01 9.726e-01 9.941e-01 9.983e-01 
Fornax            1.31601950 17.7434 17.7800 17.8358 17.9498 18.1422 17.8327 17.8993 17.9779 18.0678 18.1733 9.988e-01 9.998e-01 1.000e+00 1.000e+00 1.000e+00 8.418e-01 9.246e-01 9.818e-01 9.966e-01 9.991e-01 
Fornax            1.47416975 17.7434 17.7800 17.8358 17.9500 18.1422 17.8334 17.9012 17.9815 18.0761 18.1881 9.993e-01 9.999e-01 1.000e+00 1.000e+00 1.000e+00 8.776e-01 9.449e-01 9.883e-01 9.982e-01 9.996e-01 
Fornax            1.65132542 17.7434 17.7800 17.8358 17.9500 18.1422 17.8339 17.9025 17.9842 18.0825 18.2028 9.996e-01 1.000e+00 1.000e+00 1.000e+00 1.000e+00 9.110e-01 9.620e-01 9.928e-01 9.990e-01 9.998e-01 
Fornax            1.84977045 17.7434 17.7800 17.8358 17.9500 18.1422 17.8340 17.9033 17.9859 18.0884 18.2142 9.998e-01 1.000e+00 1.000e+00 1.000e+00 1.000e+00 9.412e-01 9.762e-01 9.960e-01 9.995e-01 9.999e-01 
Fornax            2.07206325 17.7434 17.7800 17.8358 17.9500 18.1422 17.8343 17.9038 17.9872 18.0928 18.2232 9.999e-01 1.000e+00 1.000e+00 1.000e+00 1.000e+00 9.674e-01 9.875e-01 9.981e-01 9.998e-01 1.000e+00 
Fornax            2.32106968 17.7434 17.7800 17.8358 17.9500 18.1422 17.8343 17.9041 17.9881 18.0960 18.2316 1.000e+00 1.000e+00 1.000e+00 1.000e+00 1.000e+00 9.883e-01 9.957e-01 9.994e-01 9.999e-01 1.000e+00 
Fornax            2.60000000 17.7434 17.7800 17.8358 17.9500 18.1422 17.8344 17.9042 17.9886 18.0977 18.2357 1.000e+00 1.000e+00 1.000e+00 1.000e+00 1.000e+00 1.000e+00 1.000e+00 1.000e+00 1.000e+00 1.000e+00 

