CanesVenaticiII 0.01000000 15.1110 15.6170 16.1307 16.6577 17.1786 14.6908 14.9245 15.1491 15.3735 15.6064 9.997e-03 1.224e-02 2.343e-02 8.225e-02 2.254e-01 9.725e-03 1.067e-02 1.377e-02 2.146e-02 3.328e-02 
CanesVenaticiII 0.01120173 15.2040 15.7056 16.2102 16.7312 17.2367 14.7868 15.0190 15.2425 15.4656 15.7004 1.255e-02 1.530e-02 2.859e-02 9.469e-02 2.468e-01 1.221e-02 1.337e-02 1.715e-02 2.629e-02 4.050e-02 
CanesVenaticiII 0.01254788 15.2965 15.7950 16.2903 16.8008 17.2986 14.8817 15.1133 15.3359 15.5575 15.7929 1.573e-02 1.911e-02 3.491e-02 1.091e-01 2.724e-01 1.531e-02 1.675e-02 2.135e-02 3.222e-02 4.904e-02 
CanesVenaticiII 0.01405580 15.3889 15.8832 16.3721 16.8700 17.3638 14.9759 15.2073 15.4285 15.6500 15.8849 1.970e-02 2.382e-02 4.249e-02 1.250e-01 3.004e-01 1.919e-02 2.095e-02 2.654e-02 3.937e-02 5.979e-02 
CanesVenaticiII 0.01574493 15.4801 15.9701 16.4506 16.9429 17.4249 15.0694 15.3002 15.5199 15.7408 15.9779 2.466e-02 2.966e-02 5.174e-02 1.440e-01 3.285e-01 2.404e-02 2.619e-02 3.294e-02 4.807e-02 7.274e-02 
CanesVenaticiII 0.01763705 15.5686 16.0559 16.5292 17.0159 17.4887 15.1664 15.3930 15.6102 15.8309 16.0689 3.083e-02 3.690e-02 6.296e-02 1.642e-01 3.566e-01 3.008e-02 3.270e-02 4.084e-02 5.862e-02 8.785e-02 
CanesVenaticiII 0.01975655 15.6596 16.1414 16.6085 17.0837 17.5562 15.2614 15.4863 15.7017 15.9220 16.1609 3.861e-02 4.595e-02 7.636e-02 1.878e-01 3.872e-01 3.769e-02 4.089e-02 5.058e-02 7.134e-02 1.062e-01 
CanesVenaticiII 0.02213075 15.7503 16.2264 16.6864 17.1563 17.6231 15.3539 15.5786 15.7924 16.0130 16.2520 4.833e-02 5.716e-02 9.258e-02 2.145e-01 4.220e-01 4.722e-02 5.108e-02 6.263e-02 8.675e-02 1.282e-01 
CanesVenaticiII 0.02479028 15.8378 16.3106 16.7648 17.2273 17.6923 15.4457 15.6702 15.8831 16.1017 16.3426 6.044e-02 7.099e-02 1.121e-01 2.442e-01 4.580e-01 5.910e-02 6.373e-02 7.737e-02 1.052e-01 1.532e-01 
CanesVenaticiII 0.02776940 15.9231 16.3917 16.8434 17.2982 17.7682 15.5402 15.7609 15.9728 16.1918 16.4306 7.552e-02 8.795e-02 1.353e-01 2.773e-01 4.951e-01 7.389e-02 7.940e-02 9.548e-02 1.275e-01 1.827e-01 
CanesVenaticiII 0.03110654 16.0091 16.4719 16.9169 17.3700 17.8400 15.6326 15.8492 16.0614 16.2799 16.5197 9.419e-02 1.088e-01 1.626e-01 3.145e-01 5.372e-01 9.225e-02 9.876e-02 1.175e-01 1.539e-01 2.183e-01 
CanesVenaticiII 0.03484471 16.0937 16.5492 16.9914 17.4403 17.9118 15.7214 15.9364 16.1494 16.3665 16.6110 1.175e-01 1.345e-01 1.948e-01 3.559e-01 5.833e-01 1.152e-01 1.228e-01 1.444e-01 1.854e-01 2.586e-01 
CanesVenaticiII 0.03903211 16.1770 16.6288 17.0649 17.5077 17.9841 15.8074 16.0250 16.2359 16.4539 16.7005 1.464e-01 1.660e-01 2.332e-01 4.014e-01 6.328e-01 1.437e-01 1.526e-01 1.773e-01 2.229e-01 3.048e-01 
CanesVenaticiII 0.04372272 16.2599 16.7049 17.1370 17.5755 18.0509 15.8948 16.1112 16.3216 16.5389 16.7855 1.821e-01 2.043e-01 2.779e-01 4.513e-01 6.882e-01 1.790e-01 1.892e-01 2.171e-01 2.672e-01 3.569e-01 
CanesVenaticiII 0.04897702 16.3385 16.7756 17.2043 17.6406 18.1232 15.9776 16.1953 16.4058 16.6241 16.8706 2.258e-01 2.507e-01 3.301e-01 5.068e-01 7.393e-01 2.223e-01 2.338e-01 2.649e-01 3.189e-01 4.162e-01 
CanesVenaticiII 0.05486275 16.4150 16.8438 17.2720 17.7071 18.1957 16.0563 16.2763 16.4884 16.7075 16.9589 2.792e-01 3.065e-01 3.904e-01 5.660e-01 7.890e-01 2.754e-01 2.880e-01 3.218e-01 3.791e-01 4.838e-01 
CanesVenaticiII 0.06145578 16.4848 16.9161 17.3389 17.7746 18.2651 16.1373 16.3562 16.5680 16.7911 17.0445 3.441e-01 3.733e-01 4.595e-01 6.277e-01 8.355e-01 3.400e-01 3.537e-01 3.894e-01 4.479e-01 5.571e-01 
CanesVenaticiII 0.06884112 16.5576 16.9791 17.4002 17.8369 18.3294 16.2121 16.4345 16.6475 16.8720 17.1276 4.230e-01 4.530e-01 5.379e-01 6.932e-01 8.757e-01 4.187e-01 4.329e-01 4.691e-01 5.268e-01 6.390e-01 
CanesVenaticiII 0.07711397 16.6172 17.0395 17.4597 17.8955 18.3945 16.2843 16.5090 16.7239 16.9500 17.2085 5.164e-01 5.455e-01 6.249e-01 7.609e-01 9.127e-01 5.121e-01 5.260e-01 5.609e-01 6.145e-01 7.198e-01 
CanesVenaticiII 0.08638100 16.6744 17.0957 17.5161 17.9554 18.4599 16.3505 16.5777 16.7957 17.0240 17.2849 6.247e-01 6.509e-01 7.191e-01 8.280e-01 9.453e-01 6.207e-01 6.334e-01 6.644e-01 7.100e-01 8.010e-01 
CanesVenaticiII 0.09676168 16.7220 17.1494 17.5695 18.0118 18.5199 16.4058 16.6412 16.8625 17.0942 17.3559 7.462e-01 7.665e-01 8.174e-01 8.933e-01 9.706e-01 7.430e-01 7.529e-01 7.769e-01 8.107e-01 8.784e-01 
CanesVenaticiII 0.10838984 16.7660 17.1914 17.6139 18.0617 18.5723 16.4596 16.6979 16.9202 17.1552 17.4170 8.740e-01 8.855e-01 9.133e-01 9.517e-01 9.887e-01 8.721e-01 8.778e-01 8.913e-01 9.097e-01 9.456e-01 
CanesVenaticiII 0.12141539 16.7972 17.2206 17.6455 18.0965 18.6139 16.4968 16.7370 16.9625 17.1984 17.4620 9.820e-01 9.838e-01 9.880e-01 9.936e-01 9.987e-01 9.817e-01 9.826e-01 9.847e-01 9.875e-01 9.928e-01 
CanesVenaticiII 0.13600627 16.8031 17.2252 17.6506 18.1018 18.6201 16.5029 16.7433 16.9694 17.2051 17.4690 1.000e+00 1.000e+00 1.000e+00 1.000e+00 1.000e+00 1.000e+00 1.000e+00 1.000e+00 1.000e+00 1.000e+00 
CanesVenaticiII 0.15235057 16.8031 17.2252 17.6506 18.1018 18.6201 16.5029 16.7433 16.9694 17.2051 17.4690 1.000e+00 1.000e+00 1.000e+00 1.000e+00 1.000e+00 1.000e+00 1.000e+00 1.000e+00 1.000e+00 1.000e+00 
CanesVenaticiII 0.17065902 16.8031 17.2252 17.6506 18.1018 18.6201 16.5029 16.7433 16.9694 17.2051 17.4690 1.000e+00 1.000e+00 1.000e+00 1.000e+00 1.000e+00 1.000e+00 1.000e+00 1.000e+00 1.000e+00 1.000e+00 
CanesVenaticiII 0.19116766 16.8031 17.2252 17.6506 18.1018 18.6201 16.5029 16.7433 16.9694 17.2051 17.4690 1.000e+00 1.000e+00 1.000e+00 1.000e+00 1.000e+00 1.000e+00 1.000e+00 1.000e+00 1.000e+00 1.000e+00 
CanesVenaticiII 0.21414089 16.8031 17.2252 17.6506 18.1018 18.6201 16.5029 16.7433 16.9694 17.2051 17.4690 1.000e+00 1.000e+00 1.000e+00 1.000e+00 1.000e+00 1.000e+00 1.000e+00 1.000e+00 1.000e+00 1.000e+00 
CanesVenaticiII 0.23987488 16.8031 17.2252 17.6506 18.1018 18.6201 16.5029 16.7433 16.9694 17.2051 17.4690 1.000e+00 1.000e+00 1.000e+00 1.000e+00 1.000e+00 1.000e+00 1.000e+00 1.000e+00 1.000e+00 1.000e+00 
CanesVenaticiII 0.26870141 16.8031 17.2252 17.6506 18.1018 18.6201 16.5029 16.7433 16.9694 17.2051 17.4690 1.000e+00 1.000e+00 1.000e+00 1.000e+00 1.000e+00 1.000e+00 1.000e+00 1.000e+00 1.000e+00 1.000e+00 
CanesVenaticiII 0.30099211 16.8031 17.2252 17.6506 18.1018 18.6201 16.5029 16.7433 16.9694 17.2051 17.4690 1.000e+00 1.000e+00 1.000e+00 1.000e+00 1.000e+00 1.000e+00 1.000e+00 1.000e+00 1.000e+00 1.000e+00 
CanesVenaticiII 0.33716329 16.8031 17.2252 17.6506 18.1018 18.6201 16.5029 16.7433 16.9694 17.2051 17.4690 1.000e+00 1.000e+00 1.000e+00 1.000e+00 1.000e+00 1.000e+00 1.000e+00 1.000e+00 1.000e+00 1.000e+00 
CanesVenaticiII 0.37768127 16.8031 17.2252 17.6506 18.1018 18.6201 16.5029 16.7433 16.9694 17.2051 17.4690 1.000e+00 1.000e+00 1.000e+00 1.000e+00 1.000e+00 1.000e+00 1.000e+00 1.000e+00 1.000e+00 1.000e+00 
CanesVenaticiII 0.42306843 16.8031 17.2252 17.6506 18.1018 18.6201 16.5029 16.7433 16.9694 17.2051 17.4690 1.000e+00 1.000e+00 1.000e+00 1.000e+00 1.000e+00 1.000e+00 1.000e+00 1.000e+00 1.000e+00 1.000e+00 
CanesVenaticiII 0.47390991 16.8031 17.2252 17.6506 18.1018 18.6201 16.5029 16.7433 16.9694 17.2051 17.4690 1.000e+00 1.000e+00 1.000e+00 1.000e+00 1.000e+00 1.000e+00 1.000e+00 1.000e+00 1.000e+00 1.000e+00 
CanesVenaticiII 0.53086117 16.8031 17.2252 17.6506 18.1018 18.6201 16.5029 16.7433 16.9694 17.2051 17.4690 1.000e+00 1.000e+00 1.000e+00 1.000e+00 1.000e+00 1.000e+00 1.000e+00 1.000e+00 1.000e+00 1.000e+00 
CanesVenaticiII 0.59465645 16.8031 17.2252 17.6506 18.1018 18.6201 16.5029 16.7433 16.9694 17.2051 17.4690 1.000e+00 1.000e+00 1.000e+00 1.000e+00 1.000e+00 1.000e+00 1.000e+00 1.000e+00 1.000e+00 1.000e+00 
CanesVenaticiII 0.66611821 16.8031 17.2252 17.6506 18.1018 18.6201 16.5029 16.7433 16.9694 17.2051 17.4690 1.000e+00 1.000e+00 1.000e+00 1.000e+00 1.000e+00 1.000e+00 1.000e+00 1.000e+00 1.000e+00 1.000e+00 
CanesVenaticiII 0.74616775 16.8031 17.2252 17.6506 18.1018 18.6201 16.5029 16.7433 16.9694 17.2051 17.4690 1.000e+00 1.000e+00 1.000e+00 1.000e+00 1.000e+00 1.000e+00 1.000e+00 1.000e+00 1.000e+00 1.000e+00 
CanesVenaticiII 0.83583710 16.8031 17.2252 17.6506 18.1018 18.6201 16.5029 16.7433 16.9694 17.2051 17.4690 1.000e+00 1.000e+00 1.000e+00 1.000e+00 1.000e+00 1.000e+00 1.000e+00 1.000e+00 1.000e+00 1.000e+00 
CanesVenaticiII 0.93628230 16.8031 17.2252 17.6506 18.1018 18.6201 16.5029 16.7433 16.9694 17.2051 17.4690 1.000e+00 1.000e+00 1.000e+00 1.000e+00 1.000e+00 1.000e+00 1.000e+00 1.000e+00 1.000e+00 1.000e+00 
CanesVenaticiII 1.04879832 16.8031 17.2252 17.6506 18.1018 18.6201 16.5029 16.7433 16.9694 17.2051 17.4690 1.000e+00 1.000e+00 1.000e+00 1.000e+00 1.000e+00 1.000e+00 1.000e+00 1.000e+00 1.000e+00 1.000e+00 
CanesVenaticiII 1.17483576 16.8031 17.2252 17.6506 18.1018 18.6201 16.5029 16.7433 16.9694 17.2051 17.4690 1.000e+00 1.000e+00 1.000e+00 1.000e+00 1.000e+00 1.000e+00 1.000e+00 1.000e+00 1.000e+00 1.000e+00 
CanesVenaticiII 1.31601950 16.8031 17.2252 17.6506 18.1018 18.6201 16.5029 16.7433 16.9694 17.2051 17.4690 1.000e+00 1.000e+00 1.000e+00 1.000e+00 1.000e+00 1.000e+00 1.000e+00 1.000e+00 1.000e+00 1.000e+00 
CanesVenaticiII 1.47416975 16.8031 17.2252 17.6506 18.1018 18.6201 16.5029 16.7433 16.9694 17.2051 17.4690 1.000e+00 1.000e+00 1.000e+00 1.000e+00 1.000e+00 1.000e+00 1.000e+00 1.000e+00 1.000e+00 1.000e+00 
CanesVenaticiII 1.65132542 16.8031 17.2252 17.6506 18.1018 18.6201 16.5029 16.7433 16.9694 17.2051 17.4690 1.000e+00 1.000e+00 1.000e+00 1.000e+00 1.000e+00 1.000e+00 1.000e+00 1.000e+00 1.000e+00 1.000e+00 
CanesVenaticiII 1.84977045 16.8031 17.2252 17.6506 18.1018 18.6201 16.5029 16.7433 16.9694 17.2051 17.4690 1.000e+00 1.000e+00 1.000e+00 1.000e+00 1.000e+00 1.000e+00 1.000e+00 1.000e+00 1.000e+00 1.000e+00 
CanesVenaticiII 2.07206325 16.8031 17.2252 17.6506 18.1018 18.6201 16.5029 16.7433 16.9694 17.2051 17.4690 1.000e+00 1.000e+00 1.000e+00 1.000e+00 1.000e+00 1.000e+00 1.000e+00 1.000e+00 1.000e+00 1.000e+00 
CanesVenaticiII 2.32106968 16.8031 17.2252 17.6506 18.1018 18.6201 16.5029 16.7433 16.9694 17.2051 17.4690 1.000e+00 1.000e+00 1.000e+00 1.000e+00 1.000e+00 1.000e+00 1.000e+00 1.000e+00 1.000e+00 1.000e+00 
CanesVenaticiII 2.60000000 16.8031 17.2252 17.6506 18.1018 18.6201 16.5029 16.7433 16.9694 17.2051 17.4690 1.000e+00 1.000e+00 1.000e+00 1.000e+00 1.000e+00 1.000e+00 1.000e+00 1.000e+00 1.000e+00 1.000e+00 

