Carina            0.01000000 15.3796 15.8774 16.5239 16.9322 17.3283 14.9785 15.0934 15.2282 15.3200 15.4378 2.278e-03 8.764e-03 3.778e-02 1.048e-01 2.285e-01 3.229e-04 5.445e-04 1.080e-03 2.277e-03 4.558e-03 
Carina            0.01120173 15.4736 15.9555 16.5748 16.9692 17.3668 15.0765 15.1880 15.3169 15.4052 15.5192 2.799e-03 1.043e-02 4.232e-02 1.146e-01 2.469e-01 4.015e-04 6.699e-04 1.330e-03 2.786e-03 5.550e-03 
Carina            0.01254788 15.5670 16.0336 16.6242 17.0060 17.4009 15.1740 15.2827 15.4057 15.4899 15.6017 3.455e-03 1.240e-02 4.739e-02 1.256e-01 2.666e-01 4.983e-04 8.239e-04 1.638e-03 3.400e-03 6.728e-03 
Carina            0.01405580 15.6602 16.1113 16.6734 17.0432 17.4352 15.2711 15.3768 15.4939 15.5748 15.6828 4.259e-03 1.470e-02 5.294e-02 1.372e-01 2.886e-01 6.168e-04 1.013e-03 2.013e-03 4.150e-03 8.136e-03 
Carina            0.01574493 15.7533 16.1870 16.7235 17.0792 17.4680 15.3680 15.4707 15.5815 15.6590 15.7625 5.259e-03 1.748e-02 5.958e-02 1.495e-01 3.096e-01 7.642e-04 1.244e-03 2.476e-03 5.058e-03 9.823e-03 
Carina            0.01763705 15.8437 16.2609 16.7726 17.1144 17.4998 15.4648 15.5646 15.6691 15.7429 15.8427 6.352e-03 2.065e-02 6.676e-02 1.627e-01 3.321e-01 9.468e-04 1.523e-03 3.041e-03 6.166e-03 1.183e-02 
Carina            0.01975655 15.9337 16.3375 16.8214 17.1517 17.5328 15.5616 15.6577 15.7563 15.8267 15.9224 7.698e-03 2.431e-02 7.452e-02 1.779e-01 3.577e-01 1.172e-03 1.867e-03 3.741e-03 7.496e-03 1.428e-02 
Carina            0.02213075 16.0240 16.4139 16.8691 17.1890 17.5628 15.6577 15.7500 15.8433 15.9104 16.0019 9.374e-03 2.874e-02 8.368e-02 1.942e-01 3.847e-01 1.449e-03 2.290e-03 4.598e-03 9.123e-03 1.726e-02 
Carina            0.02479028 16.1139 16.4885 16.9168 17.2238 17.5889 15.7539 15.8424 15.9299 15.9934 16.0804 1.147e-02 3.371e-02 9.375e-02 2.123e-01 4.115e-01 1.792e-03 2.803e-03 5.638e-03 1.109e-02 2.080e-02 
Carina            0.02776940 16.2038 16.5607 16.9628 17.2594 17.6153 15.8501 15.9343 16.0160 16.0762 16.1575 1.390e-02 3.931e-02 1.050e-01 2.324e-01 4.406e-01 2.215e-03 3.425e-03 6.914e-03 1.346e-02 2.498e-02 
Carina            0.03110654 16.2931 16.6327 17.0094 17.2949 17.6419 15.9458 16.0252 16.1017 16.1589 16.2345 1.680e-02 4.579e-02 1.175e-01 2.540e-01 4.681e-01 2.734e-03 4.177e-03 8.446e-03 1.628e-02 3.002e-02 
Carina            0.03484471 16.3808 16.7023 17.0565 17.3305 17.6690 16.0416 16.1165 16.1875 16.2416 16.3096 2.015e-02 5.350e-02 1.312e-01 2.761e-01 4.988e-01 3.376e-03 5.093e-03 1.029e-02 1.972e-02 3.590e-02 
Carina            0.03903211 16.4671 16.7733 17.1040 17.3655 17.6956 16.1366 16.2065 16.2725 16.3237 16.3863 2.424e-02 6.243e-02 1.463e-01 3.023e-01 5.292e-01 4.156e-03 6.216e-03 1.259e-02 2.380e-02 4.298e-02 
Carina            0.04372272 16.5542 16.8412 17.1506 17.3997 17.7207 16.2305 16.2959 16.3564 16.4054 16.4618 2.893e-02 7.248e-02 1.628e-01 3.307e-01 5.595e-01 5.123e-03 7.579e-03 1.533e-02 2.875e-02 5.120e-02 
Carina            0.04897702 16.6374 16.9085 17.1964 17.4345 17.7435 16.3243 16.3845 16.4403 16.4866 16.5382 3.431e-02 8.388e-02 1.819e-01 3.596e-01 5.929e-01 6.296e-03 9.223e-03 1.859e-02 3.469e-02 6.100e-02 
Carina            0.05486275 16.7211 16.9742 17.2417 17.4685 17.7678 16.4164 16.4723 16.5236 16.5673 16.6146 4.060e-02 9.706e-02 2.036e-01 3.904e-01 6.262e-01 7.736e-03 1.121e-02 2.253e-02 4.166e-02 7.236e-02 
Carina            0.06145578 16.8051 17.0386 17.2855 17.5018 17.7899 16.5070 16.5580 16.6058 16.6481 16.6910 4.824e-02 1.114e-01 2.273e-01 4.234e-01 6.577e-01 9.515e-03 1.361e-02 2.729e-02 5.008e-02 8.560e-02 
Carina            0.06884112 16.8856 17.1022 17.3278 17.5342 17.8129 16.5967 16.6427 16.6875 16.7280 16.7689 5.637e-02 1.276e-01 2.537e-01 4.597e-01 6.889e-01 1.168e-02 1.653e-02 3.310e-02 6.020e-02 1.010e-01 
Carina            0.07711397 16.9672 17.1633 17.3703 17.5659 17.8325 16.6848 16.7262 16.7682 16.8081 16.8477 6.611e-02 1.449e-01 2.833e-01 4.948e-01 7.222e-01 1.432e-02 2.003e-02 4.004e-02 7.190e-02 1.196e-01 
Carina            0.08638100 17.0451 17.2235 17.4111 17.5960 17.8505 16.7701 16.8084 16.8477 16.8875 16.9286 7.706e-02 1.638e-01 3.160e-01 5.326e-01 7.548e-01 1.752e-02 2.423e-02 4.844e-02 8.582e-02 1.406e-01 
Carina            0.09676168 17.1205 17.2821 17.4515 17.6267 17.8663 16.8531 16.8884 16.9264 16.9673 17.0117 8.929e-02 1.852e-01 3.514e-01 5.721e-01 7.875e-01 2.139e-02 2.925e-02 5.830e-02 1.019e-01 1.641e-01 
Carina            0.10838984 17.1941 17.3388 17.4904 17.6550 17.8812 16.9309 16.9655 17.0037 17.0473 17.0958 1.030e-01 2.085e-01 3.889e-01 6.120e-01 8.158e-01 2.613e-02 3.529e-02 6.982e-02 1.205e-01 1.923e-01 
Carina            0.12141539 17.2638 17.3918 17.5284 17.6815 17.8961 17.0043 17.0398 17.0805 17.1283 17.1797 1.181e-01 2.345e-01 4.282e-01 6.517e-01 8.411e-01 3.194e-02 4.267e-02 8.375e-02 1.422e-01 2.232e-01 
Carina            0.13600627 17.3301 17.4433 17.5657 17.7071 17.9090 17.0729 17.1116 17.1567 17.2092 17.2630 1.356e-01 2.610e-01 4.686e-01 6.933e-01 8.663e-01 3.895e-02 5.142e-02 9.985e-02 1.677e-01 2.574e-01 
Carina            0.15235057 17.3927 17.4921 17.6025 17.7323 17.9208 17.1362 17.1804 17.2319 17.2904 17.3463 1.553e-01 2.894e-01 5.119e-01 7.317e-01 8.891e-01 4.740e-02 6.197e-02 1.188e-01 1.962e-01 2.982e-01 
Carina            0.17065902 17.4512 17.5380 17.6377 17.7551 17.9311 17.1955 17.2476 17.3056 17.3705 17.4295 1.780e-01 3.207e-01 5.565e-01 7.697e-01 9.101e-01 5.757e-02 7.435e-02 1.404e-01 2.287e-01 3.421e-01 
Carina            0.19116766 17.5034 17.5821 17.6709 17.7770 17.9419 17.2505 17.3124 17.3783 17.4500 17.5141 2.031e-01 3.528e-01 6.015e-01 8.054e-01 9.293e-01 6.994e-02 8.911e-02 1.659e-01 2.650e-01 3.914e-01 
Carina            0.21414089 17.5484 17.6221 17.7030 17.7980 17.9514 17.3020 17.3737 17.4488 17.5284 17.5971 2.305e-01 3.855e-01 6.489e-01 8.398e-01 9.450e-01 8.470e-02 1.067e-01 1.952e-01 3.053e-01 4.425e-01 
Carina            0.23987488 17.5880 17.6588 17.7342 17.8201 17.9582 17.3502 17.4324 17.5175 17.6054 17.6791 2.610e-01 4.219e-01 6.954e-01 8.717e-01 9.584e-01 1.025e-01 1.277e-01 2.287e-01 3.495e-01 4.974e-01 
Carina            0.26870141 17.6221 17.6911 17.7629 17.8422 17.9665 17.3941 17.4884 17.5836 17.6817 17.7601 2.933e-01 4.591e-01 7.396e-01 8.985e-01 9.695e-01 1.236e-01 1.523e-01 2.666e-01 3.976e-01 5.549e-01 
Carina            0.30099211 17.6500 17.7178 17.7890 17.8649 17.9752 17.4360 17.5413 17.6475 17.7568 17.8408 3.285e-01 4.985e-01 7.810e-01 9.222e-01 9.786e-01 1.487e-01 1.811e-01 3.089e-01 4.492e-01 6.151e-01 
Carina            0.33716329 17.6708 17.7396 17.8120 17.8884 17.9909 17.4747 17.5905 17.7086 17.8304 17.9205 3.688e-01 5.399e-01 8.194e-01 9.421e-01 9.856e-01 1.788e-01 2.150e-01 3.554e-01 5.038e-01 6.751e-01 
Carina            0.37768127 17.6861 17.7583 17.8326 17.9116 18.0101 17.5097 17.6361 17.7676 17.9027 17.9978 4.125e-01 5.812e-01 8.547e-01 9.582e-01 9.905e-01 2.143e-01 2.544e-01 4.065e-01 5.592e-01 7.304e-01 
Carina            0.42306843 17.6988 17.7725 17.8512 17.9354 18.0361 17.5412 17.6770 17.8226 17.9731 18.0756 4.602e-01 6.245e-01 8.861e-01 9.708e-01 9.941e-01 2.561e-01 3.000e-01 4.620e-01 6.164e-01 7.836e-01 
Carina            0.47390991 17.7066 17.7829 17.8666 17.9592 18.0663 17.5700 17.7167 17.8750 18.0414 18.1505 5.128e-01 6.694e-01 9.134e-01 9.803e-01 9.964e-01 3.050e-01 3.526e-01 5.210e-01 6.739e-01 8.299e-01 
Carina            0.53086117 17.7125 17.7905 17.8803 17.9814 18.0988 17.5942 17.7526 17.9238 18.1073 18.2244 5.669e-01 7.154e-01 9.355e-01 9.872e-01 9.980e-01 3.622e-01 4.124e-01 5.834e-01 7.301e-01 8.709e-01 
Carina            0.59465645 17.7169 17.7959 17.8915 18.0032 18.1322 17.6159 17.7839 17.9687 18.1715 18.2953 6.238e-01 7.615e-01 9.540e-01 9.922e-01 9.990e-01 4.277e-01 4.796e-01 6.476e-01 7.836e-01 9.060e-01 
Carina            0.66611821 17.7193 17.8005 17.8995 18.0241 18.1659 17.6357 17.8119 18.0107 18.2337 18.3636 6.852e-01 8.072e-01 9.688e-01 9.954e-01 9.995e-01 5.026e-01 5.543e-01 7.127e-01 8.325e-01 9.358e-01 
Carina            0.74616775 17.7204 17.8032 17.9056 18.0431 18.1965 17.6511 17.8347 18.0482 18.2936 18.4294 7.488e-01 8.517e-01 9.798e-01 9.974e-01 9.998e-01 5.873e-01 6.364e-01 7.775e-01 8.776e-01 9.586e-01 
Carina            0.83583710 17.7213 17.8051 17.9101 18.0621 18.2277 17.6652 17.8552 18.0805 18.3494 18.4916 8.133e-01 8.949e-01 9.878e-01 9.987e-01 9.999e-01 6.803e-01 7.236e-01 8.400e-01 9.172e-01 9.750e-01 
Carina            0.93628230 17.7219 17.8064 17.9131 18.0785 18.2567 17.6759 17.8727 18.1081 18.4005 18.5502 8.766e-01 9.340e-01 9.935e-01 9.994e-01 1.000e+00 7.794e-01 8.136e-01 8.981e-01 9.505e-01 9.865e-01 
Carina            1.04879832 17.7223 17.8075 17.9154 18.0914 18.2822 17.6828 17.8863 18.1311 18.4457 18.6006 9.356e-01 9.673e-01 9.973e-01 9.998e-01 1.000e+00 8.796e-01 9.007e-01 9.490e-01 9.768e-01 9.943e-01 
Carina            1.17483576 17.7225 17.8082 17.9168 18.1012 18.3029 17.6893 17.8955 18.1480 18.4813 18.6403 9.838e-01 9.923e-01 9.994e-01 1.000e+00 1.000e+00 9.681e-01 9.744e-01 9.877e-01 9.947e-01 9.989e-01 
Carina            1.31601950 17.7226 17.8083 17.9172 18.1051 18.3092 17.6908 17.8986 18.1533 18.4931 18.6533 1.000e+00 1.000e+00 1.000e+00 1.000e+00 1.000e+00 1.000e+00 1.000e+00 1.000e+00 1.000e+00 1.000e+00 
Carina            1.47416975 17.7226 17.8083 17.9172 18.1051 18.3092 17.6908 17.8986 18.1533 18.4931 18.6533 1.000e+00 1.000e+00 1.000e+00 1.000e+00 1.000e+00 1.000e+00 1.000e+00 1.000e+00 1.000e+00 1.000e+00 
Carina            1.65132542 17.7226 17.8083 17.9172 18.1051 18.3092 17.6908 17.8986 18.1533 18.4931 18.6533 1.000e+00 1.000e+00 1.000e+00 1.000e+00 1.000e+00 1.000e+00 1.000e+00 1.000e+00 1.000e+00 1.000e+00 
Carina            1.84977045 17.7226 17.8083 17.9172 18.1051 18.3092 17.6908 17.8986 18.1533 18.4931 18.6533 1.000e+00 1.000e+00 1.000e+00 1.000e+00 1.000e+00 1.000e+00 1.000e+00 1.000e+00 1.000e+00 1.000e+00 
Carina            2.07206325 17.7226 17.8083 17.9172 18.1051 18.3092 17.6908 17.8986 18.1533 18.4931 18.6533 1.000e+00 1.000e+00 1.000e+00 1.000e+00 1.000e+00 1.000e+00 1.000e+00 1.000e+00 1.000e+00 1.000e+00 
Carina            2.32106968 17.7226 17.8083 17.9172 18.1051 18.3092 17.6908 17.8986 18.1533 18.4931 18.6533 1.000e+00 1.000e+00 1.000e+00 1.000e+00 1.000e+00 1.000e+00 1.000e+00 1.000e+00 1.000e+00 1.000e+00 
Carina            2.60000000 17.7226 17.8083 17.9172 18.1051 18.3092 17.6908 17.8986 18.1533 18.4931 18.6533 1.000e+00 1.000e+00 1.000e+00 1.000e+00 1.000e+00 1.000e+00 1.000e+00 1.000e+00 1.000e+00 1.000e+00 

