LeoT             0.01000000 15.1468 15.6504 16.2148 16.9249 17.7334 14.7976 15.0109 15.2330 15.4857 15.7301 3.007e-02 4.637e-02 1.328e-01 4.101e-01 9.063e-01 2.814e-02 3.391e-02 5.080e-02 1.081e-01 4.247e-01 
LeoT             0.01120173 15.2329 15.7303 16.2809 16.9692 17.7539 14.8919 15.1020 15.3207 15.5644 15.8065 3.758e-02 5.702e-02 1.542e-01 4.529e-01 9.323e-01 3.525e-02 4.219e-02 6.206e-02 1.289e-01 4.767e-01 
LeoT             0.01254788 15.3249 15.8120 16.3449 17.0160 17.7847 14.9861 15.1918 15.4056 15.6412 15.8796 4.691e-02 6.993e-02 1.786e-01 4.966e-01 9.515e-01 4.411e-02 5.245e-02 7.577e-02 1.536e-01 5.315e-01 
LeoT             0.01405580 15.4126 15.8908 16.4067 17.0559 17.7969 15.0796 15.2804 15.4892 15.7153 15.9544 5.849e-02 8.555e-02 2.056e-01 5.454e-01 9.674e-01 5.514e-02 6.512e-02 9.224e-02 1.822e-01 5.878e-01 
LeoT             0.01574493 15.5007 15.9678 16.4686 17.0980 17.8107 15.1721 15.3672 15.5723 15.7890 16.0255 7.285e-02 1.043e-01 2.359e-01 6.004e-01 9.797e-01 6.885e-02 8.073e-02 1.120e-01 2.161e-01 6.454e-01 
LeoT             0.01763705 15.5843 16.0405 16.5280 17.1374 17.8262 15.2588 15.4521 15.6527 15.8654 16.0999 9.059e-02 1.269e-01 2.701e-01 6.506e-01 9.871e-01 8.588e-02 9.986e-02 1.357e-01 2.535e-01 6.995e-01 
LeoT             0.01975655 15.6708 16.1138 16.5865 17.1848 17.8420 15.3483 15.5357 15.7315 15.9421 16.1746 1.128e-01 1.545e-01 3.086e-01 7.018e-01 9.926e-01 1.071e-01 1.235e-01 1.641e-01 2.970e-01 7.575e-01 
LeoT             0.02213075 15.7553 16.1844 16.6458 17.2216 17.8539 15.4326 15.6165 15.8096 16.0173 16.2506 1.401e-01 1.876e-01 3.518e-01 7.523e-01 9.958e-01 1.335e-01 1.526e-01 1.982e-01 3.455e-01 8.108e-01 
LeoT             0.02479028 15.8378 16.2532 16.7039 17.2546 17.8705 15.5152 15.6935 15.8854 16.0915 16.3297 1.737e-01 2.271e-01 3.995e-01 7.983e-01 9.978e-01 1.662e-01 1.878e-01 2.386e-01 3.990e-01 8.582e-01 
LeoT             0.02776940 15.9170 16.3185 16.7595 17.2885 17.8793 15.5891 15.7663 15.9601 16.1649 16.4046 2.149e-01 2.739e-01 4.523e-01 8.402e-01 9.988e-01 2.062e-01 2.307e-01 2.862e-01 4.586e-01 8.941e-01 
LeoT             0.03110654 15.9877 16.3807 16.8145 17.3237 17.8959 15.6538 15.8394 16.0332 16.2375 16.4771 2.648e-01 3.288e-01 5.097e-01 8.750e-01 9.994e-01 2.551e-01 2.822e-01 3.415e-01 5.223e-01 9.233e-01 
LeoT             0.03484471 16.0578 16.4380 16.8638 17.3609 17.9173 15.7094 15.9069 16.1036 16.3088 16.5531 3.255e-01 3.934e-01 5.709e-01 9.066e-01 9.997e-01 3.150e-01 3.443e-01 4.063e-01 5.910e-01 9.462e-01 
LeoT             0.03903211 16.1223 16.4967 16.9105 17.3943 17.9334 15.7538 15.9698 16.1719 16.3789 16.6254 3.988e-01 4.683e-01 6.372e-01 9.332e-01 9.999e-01 3.875e-01 4.181e-01 4.807e-01 6.631e-01 9.627e-01 
LeoT             0.04372272 16.1824 16.5503 16.9578 17.4246 17.9518 15.7841 16.0312 16.2380 16.4482 16.6930 4.851e-01 5.531e-01 7.075e-01 9.549e-01 1.000e+00 4.739e-01 5.045e-01 5.651e-01 7.353e-01 9.760e-01 
LeoT             0.04897702 16.2394 16.5973 17.0004 17.4596 17.9797 15.8055 16.0882 16.3016 16.5148 16.7634 5.856e-01 6.480e-01 7.793e-01 9.714e-01 1.000e+00 5.751e-01 6.038e-01 6.582e-01 8.068e-01 9.854e-01 
LeoT             0.05486275 16.2910 16.6432 17.0398 17.4932 18.0089 15.8167 16.1365 16.3600 16.5786 16.8296 6.995e-01 7.507e-01 8.506e-01 9.843e-01 1.000e+00 6.906e-01 7.146e-01 7.587e-01 8.746e-01 9.920e-01 
LeoT             0.06145578 16.3277 16.6845 17.0737 17.5151 18.0319 15.8288 16.1811 16.4141 16.6353 16.8908 8.226e-01 8.565e-01 9.182e-01 9.930e-01 1.000e+00 8.164e-01 8.329e-01 8.619e-01 9.342e-01 9.965e-01 
LeoT             0.06884112 16.3569 16.7132 17.0983 17.5373 18.0475 15.8376 16.2165 16.4587 16.6787 16.9376 9.404e-01 9.530e-01 9.744e-01 9.982e-01 1.000e+00 9.380e-01 9.443e-01 9.549e-01 9.803e-01 9.991e-01 
LeoT             0.07711397 16.3703 16.7241 17.1100 17.5450 18.0514 15.8398 16.2311 16.4792 16.6997 16.9591 9.996e-01 9.997e-01 9.998e-01 1.000e+00 1.000e+00 9.996e-01 9.996e-01 9.997e-01 9.999e-01 1.000e+00 
LeoT             0.08638100 16.3704 16.7242 17.1100 17.5450 18.0514 15.8398 16.2312 16.4793 16.6998 16.9592 1.000e+00 1.000e+00 1.000e+00 1.000e+00 1.000e+00 1.000e+00 1.000e+00 1.000e+00 1.000e+00 1.000e+00 
LeoT             0.09676168 16.3704 16.7242 17.1100 17.5450 18.0514 15.8398 16.2312 16.4793 16.6998 16.9592 1.000e+00 1.000e+00 1.000e+00 1.000e+00 1.000e+00 1.000e+00 1.000e+00 1.000e+00 1.000e+00 1.000e+00 
LeoT             0.10838984 16.3704 16.7242 17.1100 17.5450 18.0514 15.8398 16.2312 16.4793 16.6998 16.9592 1.000e+00 1.000e+00 1.000e+00 1.000e+00 1.000e+00 1.000e+00 1.000e+00 1.000e+00 1.000e+00 1.000e+00 
LeoT             0.12141539 16.3704 16.7242 17.1100 17.5450 18.0514 15.8398 16.2312 16.4793 16.6998 16.9592 1.000e+00 1.000e+00 1.000e+00 1.000e+00 1.000e+00 1.000e+00 1.000e+00 1.000e+00 1.000e+00 1.000e+00 
LeoT             0.13600627 16.3704 16.7242 17.1100 17.5450 18.0514 15.8398 16.2312 16.4793 16.6998 16.9592 1.000e+00 1.000e+00 1.000e+00 1.000e+00 1.000e+00 1.000e+00 1.000e+00 1.000e+00 1.000e+00 1.000e+00 
LeoT             0.15235057 16.3704 16.7242 17.1100 17.5450 18.0514 15.8398 16.2312 16.4793 16.6998 16.9592 1.000e+00 1.000e+00 1.000e+00 1.000e+00 1.000e+00 1.000e+00 1.000e+00 1.000e+00 1.000e+00 1.000e+00 
LeoT             0.17065902 16.3704 16.7242 17.1100 17.5450 18.0514 15.8398 16.2312 16.4793 16.6998 16.9592 1.000e+00 1.000e+00 1.000e+00 1.000e+00 1.000e+00 1.000e+00 1.000e+00 1.000e+00 1.000e+00 1.000e+00 
LeoT             0.19116766 16.3704 16.7242 17.1100 17.5450 18.0514 15.8398 16.2312 16.4793 16.6998 16.9592 1.000e+00 1.000e+00 1.000e+00 1.000e+00 1.000e+00 1.000e+00 1.000e+00 1.000e+00 1.000e+00 1.000e+00 
LeoT             0.21414089 16.3704 16.7242 17.1100 17.5450 18.0514 15.8398 16.2312 16.4793 16.6998 16.9592 1.000e+00 1.000e+00 1.000e+00 1.000e+00 1.000e+00 1.000e+00 1.000e+00 1.000e+00 1.000e+00 1.000e+00 
LeoT             0.23987488 16.3704 16.7242 17.1100 17.5450 18.0514 15.8398 16.2312 16.4793 16.6998 16.9592 1.000e+00 1.000e+00 1.000e+00 1.000e+00 1.000e+00 1.000e+00 1.000e+00 1.000e+00 1.000e+00 1.000e+00 
LeoT             0.26870141 16.3704 16.7242 17.1100 17.5450 18.0514 15.8398 16.2312 16.4793 16.6998 16.9592 1.000e+00 1.000e+00 1.000e+00 1.000e+00 1.000e+00 1.000e+00 1.000e+00 1.000e+00 1.000e+00 1.000e+00 
LeoT             0.30099211 16.3704 16.7242 17.1100 17.5450 18.0514 15.8398 16.2312 16.4793 16.6998 16.9592 1.000e+00 1.000e+00 1.000e+00 1.000e+00 1.000e+00 1.000e+00 1.000e+00 1.000e+00 1.000e+00 1.000e+00 
LeoT             0.33716329 16.3704 16.7242 17.1100 17.5450 18.0514 15.8398 16.2312 16.4793 16.6998 16.9592 1.000e+00 1.000e+00 1.000e+00 1.000e+00 1.000e+00 1.000e+00 1.000e+00 1.000e+00 1.000e+00 1.000e+00 
LeoT             0.37768127 16.3704 16.7242 17.1100 17.5450 18.0514 15.8398 16.2312 16.4793 16.6998 16.9592 1.000e+00 1.000e+00 1.000e+00 1.000e+00 1.000e+00 1.000e+00 1.000e+00 1.000e+00 1.000e+00 1.000e+00 
LeoT             0.42306843 16.3704 16.7242 17.1100 17.5450 18.0514 15.8398 16.2312 16.4793 16.6998 16.9592 1.000e+00 1.000e+00 1.000e+00 1.000e+00 1.000e+00 1.000e+00 1.000e+00 1.000e+00 1.000e+00 1.000e+00 
LeoT             0.47390991 16.3704 16.7242 17.1100 17.5450 18.0514 15.8398 16.2312 16.4793 16.6998 16.9592 1.000e+00 1.000e+00 1.000e+00 1.000e+00 1.000e+00 1.000e+00 1.000e+00 1.000e+00 1.000e+00 1.000e+00 
LeoT             0.53086117 16.3704 16.7242 17.1100 17.5450 18.0514 15.8398 16.2312 16.4793 16.6998 16.9592 1.000e+00 1.000e+00 1.000e+00 1.000e+00 1.000e+00 1.000e+00 1.000e+00 1.000e+00 1.000e+00 1.000e+00 
LeoT             0.59465645 16.3704 16.7242 17.1100 17.5450 18.0514 15.8398 16.2312 16.4793 16.6998 16.9592 1.000e+00 1.000e+00 1.000e+00 1.000e+00 1.000e+00 1.000e+00 1.000e+00 1.000e+00 1.000e+00 1.000e+00 
LeoT             0.66611821 16.3704 16.7242 17.1100 17.5450 18.0514 15.8398 16.2312 16.4793 16.6998 16.9592 1.000e+00 1.000e+00 1.000e+00 1.000e+00 1.000e+00 1.000e+00 1.000e+00 1.000e+00 1.000e+00 1.000e+00 
LeoT             0.74616775 16.3704 16.7242 17.1100 17.5450 18.0514 15.8398 16.2312 16.4793 16.6998 16.9592 1.000e+00 1.000e+00 1.000e+00 1.000e+00 1.000e+00 1.000e+00 1.000e+00 1.000e+00 1.000e+00 1.000e+00 
LeoT             0.83583710 16.3704 16.7242 17.1100 17.5450 18.0514 15.8398 16.2312 16.4793 16.6998 16.9592 1.000e+00 1.000e+00 1.000e+00 1.000e+00 1.000e+00 1.000e+00 1.000e+00 1.000e+00 1.000e+00 1.000e+00 
LeoT             0.93628230 16.3704 16.7242 17.1100 17.5450 18.0514 15.8398 16.2312 16.4793 16.6998 16.9592 1.000e+00 1.000e+00 1.000e+00 1.000e+00 1.000e+00 1.000e+00 1.000e+00 1.000e+00 1.000e+00 1.000e+00 
LeoT             1.04879832 16.3704 16.7242 17.1100 17.5450 18.0514 15.8398 16.2312 16.4793 16.6998 16.9592 1.000e+00 1.000e+00 1.000e+00 1.000e+00 1.000e+00 1.000e+00 1.000e+00 1.000e+00 1.000e+00 1.000e+00 
LeoT             1.17483576 16.3704 16.7242 17.1100 17.5450 18.0514 15.8398 16.2312 16.4793 16.6998 16.9592 1.000e+00 1.000e+00 1.000e+00 1.000e+00 1.000e+00 1.000e+00 1.000e+00 1.000e+00 1.000e+00 1.000e+00 
LeoT             1.31601950 16.3704 16.7242 17.1100 17.5450 18.0514 15.8398 16.2312 16.4793 16.6998 16.9592 1.000e+00 1.000e+00 1.000e+00 1.000e+00 1.000e+00 1.000e+00 1.000e+00 1.000e+00 1.000e+00 1.000e+00 
LeoT             1.47416975 16.3704 16.7242 17.1100 17.5450 18.0514 15.8398 16.2312 16.4793 16.6998 16.9592 1.000e+00 1.000e+00 1.000e+00 1.000e+00 1.000e+00 1.000e+00 1.000e+00 1.000e+00 1.000e+00 1.000e+00 
LeoT             1.65132542 16.3704 16.7242 17.1100 17.5450 18.0514 15.8398 16.2312 16.4793 16.6998 16.9592 1.000e+00 1.000e+00 1.000e+00 1.000e+00 1.000e+00 1.000e+00 1.000e+00 1.000e+00 1.000e+00 1.000e+00 
LeoT             1.84977045 16.3704 16.7242 17.1100 17.5450 18.0514 15.8398 16.2312 16.4793 16.6998 16.9592 1.000e+00 1.000e+00 1.000e+00 1.000e+00 1.000e+00 1.000e+00 1.000e+00 1.000e+00 1.000e+00 1.000e+00 
LeoT             2.07206325 16.3704 16.7242 17.1100 17.5450 18.0514 15.8398 16.2312 16.4793 16.6998 16.9592 1.000e+00 1.000e+00 1.000e+00 1.000e+00 1.000e+00 1.000e+00 1.000e+00 1.000e+00 1.000e+00 1.000e+00 
LeoT             2.32106968 16.3704 16.7242 17.1100 17.5450 18.0514 15.8398 16.2312 16.4793 16.6998 16.9592 1.000e+00 1.000e+00 1.000e+00 1.000e+00 1.000e+00 1.000e+00 1.000e+00 1.000e+00 1.000e+00 1.000e+00 
LeoT             2.60000000 16.3704 16.7242 17.1100 17.5450 18.0514 15.8398 16.2312 16.4793 16.6998 16.9592 1.000e+00 1.000e+00 1.000e+00 1.000e+00 1.000e+00 1.000e+00 1.000e+00 1.000e+00 1.000e+00 1.000e+00 

