UrsaMajorI      0.01000000 14.5232 15.1024 16.1878 17.5410 18.6840 14.5588 14.7902 15.1065 15.5977 16.0040 9.613e-04 2.174e-03 2.465e-02 1.827e-01 5.114e-01 8.721e-04 1.182e-03 2.651e-03 2.081e-02 8.721e-02 
UrsaMajorI      0.01120173 14.6190 15.1947 16.2541 17.6069 18.7163 14.6567 14.8859 15.1985 15.6855 16.0807 1.206e-03 2.690e-03 2.836e-02 2.067e-01 5.497e-01 1.095e-03 1.479e-03 3.267e-03 2.547e-02 1.038e-01 
UrsaMajorI      0.01254788 14.7162 15.2870 16.3189 17.6615 18.7426 14.7545 14.9829 15.2899 15.7704 16.1563 1.513e-03 3.322e-03 3.268e-02 2.327e-01 5.951e-01 1.374e-03 1.850e-03 4.023e-03 3.095e-02 1.237e-01 
UrsaMajorI      0.01405580 14.8114 15.3790 16.3820 17.7146 18.7752 14.8523 15.0788 15.3810 15.8534 16.2319 1.897e-03 4.111e-03 3.760e-02 2.587e-01 6.376e-01 1.723e-03 2.313e-03 4.949e-03 3.774e-02 1.476e-01 
UrsaMajorI      0.01574493 14.9072 15.4701 16.4382 17.7693 18.8031 14.9487 15.1756 15.4712 15.9349 16.3075 2.376e-03 5.071e-03 4.322e-02 2.896e-01 6.806e-01 2.160e-03 2.888e-03 6.076e-03 4.584e-02 1.753e-01 
UrsaMajorI      0.01763705 15.0029 15.5592 16.4945 17.8215 18.8312 15.0446 15.2711 15.5602 16.0166 16.3844 2.973e-03 6.254e-03 4.958e-02 3.254e-01 7.276e-01 2.705e-03 3.606e-03 7.460e-03 5.559e-02 2.053e-01 
UrsaMajorI      0.01975655 15.0986 15.6471 16.5575 17.8672 18.8539 15.1418 15.3666 15.6511 16.0982 16.4536 3.726e-03 7.704e-03 5.666e-02 3.650e-01 7.693e-01 3.394e-03 4.504e-03 9.150e-03 6.706e-02 2.417e-01 
UrsaMajorI      0.02213075 15.1929 15.7353 16.6183 17.9131 18.8717 15.2390 15.4619 15.7410 16.1818 16.5214 4.669e-03 9.497e-03 6.454e-02 4.044e-01 8.108e-01 4.258e-03 5.628e-03 1.120e-02 8.084e-02 2.809e-01 
UrsaMajorI      0.02479028 15.2874 15.8219 16.6757 17.9596 18.8952 15.3362 15.5571 15.8289 16.2621 16.5855 5.847e-03 1.172e-02 7.491e-02 4.508e-01 8.445e-01 5.339e-03 7.027e-03 1.370e-02 9.697e-02 3.271e-01 
UrsaMajorI      0.02776940 15.3830 15.9086 16.7377 18.0106 18.9211 15.4332 15.6512 15.9180 16.3390 16.6484 7.315e-03 1.440e-02 8.526e-02 5.006e-01 8.738e-01 6.689e-03 8.775e-03 1.674e-02 1.163e-01 3.784e-01 
UrsaMajorI      0.03110654 15.4744 15.9927 16.8008 18.0506 18.9423 15.5308 15.7451 16.0055 16.4130 16.7077 9.144e-03 1.766e-02 9.883e-02 5.537e-01 9.059e-01 8.375e-03 1.093e-02 2.041e-02 1.388e-01 4.335e-01 
UrsaMajorI      0.03484471 15.5695 16.0777 16.8573 18.0854 18.9602 15.6266 15.8384 16.0930 16.4844 16.7633 1.144e-02 2.170e-02 1.121e-01 6.088e-01 9.316e-01 1.050e-02 1.361e-02 2.500e-02 1.635e-01 4.895e-01 
UrsaMajorI      0.03903211 15.6659 16.1644 16.9186 18.1259 18.9743 15.7231 15.9308 16.1790 16.5545 16.8185 1.432e-02 2.660e-02 1.286e-01 6.607e-01 9.522e-01 1.316e-02 1.696e-02 3.055e-02 1.921e-01 5.491e-01 
UrsaMajorI      0.04372272 15.7587 16.2507 16.9787 18.1589 18.9857 15.8197 16.0242 16.2656 16.6228 16.8717 1.792e-02 3.260e-02 1.478e-01 7.116e-01 9.673e-01 1.649e-02 2.113e-02 3.716e-02 2.261e-01 6.102e-01 
UrsaMajorI      0.04897702 15.8491 16.3377 17.0357 18.1877 18.9978 15.9157 16.1168 16.3500 16.6908 16.9220 2.239e-02 3.995e-02 1.675e-01 7.624e-01 9.785e-01 2.064e-02 2.628e-02 4.518e-02 2.652e-01 6.701e-01 
UrsaMajorI      0.05486275 15.9429 16.4206 17.0909 18.2145 19.0022 16.0102 16.2095 16.4344 16.7545 16.9778 2.794e-02 4.890e-02 1.891e-01 8.090e-01 9.876e-01 2.581e-02 3.262e-02 5.487e-02 3.081e-01 7.254e-01 
UrsaMajorI      0.06145578 16.0317 16.5024 17.1475 18.2380 19.0053 16.1054 16.3003 16.5197 16.8134 17.0303 3.484e-02 5.960e-02 2.128e-01 8.479e-01 9.933e-01 3.226e-02 4.049e-02 6.648e-02 3.536e-01 7.779e-01 
UrsaMajorI      0.06884112 16.1253 16.5827 17.2034 18.2620 19.0092 16.1993 16.3913 16.6041 16.8690 17.0732 4.351e-02 7.247e-02 2.406e-01 8.828e-01 9.962e-01 4.039e-02 5.029e-02 8.063e-02 4.037e-01 8.271e-01 
UrsaMajorI      0.07711397 16.2162 16.6636 17.2590 18.2768 19.0123 16.2930 16.4791 16.6856 16.9212 17.1185 5.424e-02 8.826e-02 2.715e-01 9.127e-01 9.980e-01 5.051e-02 6.231e-02 9.738e-02 4.543e-01 8.684e-01 
UrsaMajorI      0.08638100 16.3062 16.7404 17.3120 18.2890 19.0136 16.3875 16.5675 16.7651 16.9750 17.1669 6.753e-02 1.072e-01 3.048e-01 9.374e-01 9.991e-01 6.308e-02 7.705e-02 1.174e-01 5.055e-01 9.016e-01 
UrsaMajorI      0.09676168 16.3926 16.8147 17.3628 18.3033 19.0145 16.4795 16.6543 16.8383 17.0276 17.2204 8.394e-02 1.298e-01 3.413e-01 9.574e-01 9.996e-01 7.866e-02 9.514e-02 1.412e-01 5.613e-01 9.293e-01 
UrsaMajorI      0.10838984 16.4774 16.8877 17.4097 18.3175 19.0152 16.5706 16.7394 16.9098 17.0831 17.2825 1.043e-01 1.568e-01 3.819e-01 9.726e-01 9.998e-01 9.805e-02 1.172e-01 1.694e-01 6.139e-01 9.517e-01 
UrsaMajorI      0.12141539 16.5604 16.9603 17.4583 18.3273 19.0154 16.6618 16.8203 16.9773 17.1421 17.3441 1.295e-01 1.887e-01 4.253e-01 9.826e-01 9.999e-01 1.222e-01 1.444e-01 2.026e-01 6.679e-01 9.681e-01 
UrsaMajorI      0.13600627 16.6446 17.0324 17.5064 18.3320 19.0166 16.7496 16.8947 17.0393 17.2029 17.4075 1.606e-01 2.268e-01 4.714e-01 9.896e-01 1.000e+00 1.521e-01 1.775e-01 2.416e-01 7.183e-01 9.796e-01 
UrsaMajorI      0.15235057 16.7302 17.0983 17.5536 18.3387 19.0175 16.8240 16.9601 17.1025 17.2651 17.4797 1.985e-01 2.711e-01 5.217e-01 9.939e-01 1.000e+00 1.889e-01 2.175e-01 2.878e-01 7.666e-01 9.874e-01 
UrsaMajorI      0.17065902 16.8100 17.1665 17.6018 18.3469 19.0176 16.8838 17.0175 17.1649 17.3324 17.5538 2.447e-01 3.231e-01 5.744e-01 9.968e-01 1.000e+00 2.339e-01 2.659e-01 3.409e-01 8.112e-01 9.923e-01 
UrsaMajorI      0.19116766 16.8835 17.2290 17.6446 18.3569 19.0176 16.9197 17.0733 17.2282 17.4000 17.6238 3.007e-01 3.838e-01 6.296e-01 9.982e-01 1.000e+00 2.887e-01 3.235e-01 4.019e-01 8.519e-01 9.954e-01 
UrsaMajorI      0.21414089 16.9555 17.2882 17.6851 18.3643 19.0181 16.9398 17.1189 17.2931 17.4696 17.6985 3.684e-01 4.548e-01 6.880e-01 9.991e-01 1.000e+00 3.555e-01 3.923e-01 4.722e-01 8.886e-01 9.972e-01 
UrsaMajorI      0.23987488 17.0291 17.3453 17.7234 18.3707 19.0181 16.9497 17.1578 17.3556 17.5360 17.7666 4.491e-01 5.347e-01 7.464e-01 9.995e-01 1.000e+00 4.360e-01 4.733e-01 5.516e-01 9.201e-01 9.984e-01 
UrsaMajorI      0.26870141 17.0962 17.3950 17.7626 18.3804 19.0235 16.9535 17.1861 17.4166 17.6023 17.8371 5.434e-01 6.234e-01 8.049e-01 9.998e-01 1.000e+00 5.306e-01 5.668e-01 6.389e-01 9.462e-01 9.992e-01 
UrsaMajorI      0.30099211 17.1601 17.4416 17.7967 18.4007 19.0236 16.9540 17.2062 17.4755 17.6669 17.9053 6.512e-01 7.205e-01 8.636e-01 9.999e-01 1.000e+00 6.398e-01 6.719e-01 7.327e-01 9.663e-01 9.996e-01 
UrsaMajorI      0.33716329 17.2073 17.4826 17.8279 18.4099 19.0237 16.9541 17.2186 17.5281 17.7263 17.9647 7.705e-01 8.217e-01 9.179e-01 1.000e+00 1.000e+00 7.617e-01 7.861e-01 8.303e-01 9.817e-01 9.998e-01 
UrsaMajorI      0.37768127 17.2486 17.5148 17.8538 18.4212 19.0296 16.9541 17.2251 17.5751 17.7770 18.0197 8.926e-01 9.193e-01 9.649e-01 1.000e+00 1.000e+00 8.879e-01 9.008e-01 9.236e-01 9.930e-01 9.999e-01 
UrsaMajorI      0.42306843 17.2761 17.5361 17.8706 18.4272 19.0346 16.9541 17.2315 17.6096 17.8136 18.0521 9.887e-01 9.917e-01 9.966e-01 1.000e+00 1.000e+00 9.881e-01 9.896e-01 9.922e-01 9.994e-01 1.000e+00 
UrsaMajorI      0.47390991 17.2780 17.5389 17.8727 18.4279 19.0346 16.9541 17.2322 17.6132 17.8177 18.0552 1.000e+00 1.000e+00 1.000e+00 1.000e+00 1.000e+00 1.000e+00 1.000e+00 1.000e+00 1.000e+00 1.000e+00 
UrsaMajorI      0.53086117 17.2780 17.5389 17.8727 18.4279 19.0346 16.9541 17.2322 17.6132 17.8177 18.0552 1.000e+00 1.000e+00 1.000e+00 1.000e+00 1.000e+00 1.000e+00 1.000e+00 1.000e+00 1.000e+00 1.000e+00 
UrsaMajorI      0.59465645 17.2780 17.5389 17.8727 18.4279 19.0346 16.9541 17.2322 17.6132 17.8177 18.0552 1.000e+00 1.000e+00 1.000e+00 1.000e+00 1.000e+00 1.000e+00 1.000e+00 1.000e+00 1.000e+00 1.000e+00 
UrsaMajorI      0.66611821 17.2780 17.5389 17.8727 18.4279 19.0346 16.9541 17.2322 17.6132 17.8177 18.0552 1.000e+00 1.000e+00 1.000e+00 1.000e+00 1.000e+00 1.000e+00 1.000e+00 1.000e+00 1.000e+00 1.000e+00 
UrsaMajorI      0.74616775 17.2780 17.5389 17.8727 18.4279 19.0346 16.9541 17.2322 17.6132 17.8177 18.0552 1.000e+00 1.000e+00 1.000e+00 1.000e+00 1.000e+00 1.000e+00 1.000e+00 1.000e+00 1.000e+00 1.000e+00 
UrsaMajorI      0.83583710 17.2780 17.5389 17.8727 18.4279 19.0346 16.9541 17.2322 17.6132 17.8177 18.0552 1.000e+00 1.000e+00 1.000e+00 1.000e+00 1.000e+00 1.000e+00 1.000e+00 1.000e+00 1.000e+00 1.000e+00 
UrsaMajorI      0.93628230 17.2780 17.5389 17.8727 18.4279 19.0346 16.9541 17.2322 17.6132 17.8177 18.0552 1.000e+00 1.000e+00 1.000e+00 1.000e+00 1.000e+00 1.000e+00 1.000e+00 1.000e+00 1.000e+00 1.000e+00 
UrsaMajorI      1.04879832 17.2780 17.5389 17.8727 18.4279 19.0346 16.9541 17.2322 17.6132 17.8177 18.0552 1.000e+00 1.000e+00 1.000e+00 1.000e+00 1.000e+00 1.000e+00 1.000e+00 1.000e+00 1.000e+00 1.000e+00 
UrsaMajorI      1.17483576 17.2780 17.5389 17.8727 18.4279 19.0346 16.9541 17.2322 17.6132 17.8177 18.0552 1.000e+00 1.000e+00 1.000e+00 1.000e+00 1.000e+00 1.000e+00 1.000e+00 1.000e+00 1.000e+00 1.000e+00 
UrsaMajorI      1.31601950 17.2780 17.5389 17.8727 18.4279 19.0346 16.9541 17.2322 17.6132 17.8177 18.0552 1.000e+00 1.000e+00 1.000e+00 1.000e+00 1.000e+00 1.000e+00 1.000e+00 1.000e+00 1.000e+00 1.000e+00 
UrsaMajorI      1.47416975 17.2780 17.5389 17.8727 18.4279 19.0346 16.9541 17.2322 17.6132 17.8177 18.0552 1.000e+00 1.000e+00 1.000e+00 1.000e+00 1.000e+00 1.000e+00 1.000e+00 1.000e+00 1.000e+00 1.000e+00 
UrsaMajorI      1.65132542 17.2780 17.5389 17.8727 18.4279 19.0346 16.9541 17.2322 17.6132 17.8177 18.0552 1.000e+00 1.000e+00 1.000e+00 1.000e+00 1.000e+00 1.000e+00 1.000e+00 1.000e+00 1.000e+00 1.000e+00 
UrsaMajorI      1.84977045 17.2780 17.5389 17.8727 18.4279 19.0346 16.9541 17.2322 17.6132 17.8177 18.0552 1.000e+00 1.000e+00 1.000e+00 1.000e+00 1.000e+00 1.000e+00 1.000e+00 1.000e+00 1.000e+00 1.000e+00 
UrsaMajorI      2.07206325 17.2780 17.5389 17.8727 18.4279 19.0346 16.9541 17.2322 17.6132 17.8177 18.0552 1.000e+00 1.000e+00 1.000e+00 1.000e+00 1.000e+00 1.000e+00 1.000e+00 1.000e+00 1.000e+00 1.000e+00 
UrsaMajorI      2.32106968 17.2780 17.5389 17.8727 18.4279 19.0346 16.9541 17.2322 17.6132 17.8177 18.0552 1.000e+00 1.000e+00 1.000e+00 1.000e+00 1.000e+00 1.000e+00 1.000e+00 1.000e+00 1.000e+00 1.000e+00 
UrsaMajorI      2.60000000 17.2780 17.5389 17.8727 18.4279 19.0346 16.9541 17.2322 17.6132 17.8177 18.0552 1.000e+00 1.000e+00 1.000e+00 1.000e+00 1.000e+00 1.000e+00 1.000e+00 1.000e+00 1.000e+00 1.000e+00 

