UrsaMajorII     0.01000000 15.8051 16.4330 17.1326 18.0447 18.9407 14.9828 15.2595 15.5147 15.7693 16.0762 6.060e-04 9.403e-04 4.779e-03 4.302e-02 1.802e-01 5.728e-04 6.848e-04 1.167e-03 2.551e-03 1.140e-02 
UrsaMajorII     0.01120173 15.9019 16.5244 17.2153 18.0981 18.9813 15.0785 15.3560 15.6088 15.8610 16.1602 7.610e-04 1.175e-03 5.772e-03 4.888e-02 1.974e-01 7.194e-04 8.591e-04 1.454e-03 3.120e-03 1.399e-02 
UrsaMajorII     0.01254788 15.9979 16.6154 17.2977 18.1495 19.0271 15.1748 15.4528 15.7022 15.9525 16.2458 9.550e-04 1.467e-03 6.947e-03 5.488e-02 2.163e-01 9.030e-04 1.077e-03 1.810e-03 3.819e-03 1.711e-02 
UrsaMajorII     0.01405580 16.0944 16.7061 17.3778 18.2028 19.0741 15.2713 15.5484 15.7953 16.0446 16.3322 1.198e-03 1.830e-03 8.332e-03 6.170e-02 2.377e-01 1.133e-03 1.349e-03 2.251e-03 4.679e-03 2.075e-02 
UrsaMajorII     0.01574493 16.1911 16.7969 17.4568 18.2567 19.1252 15.3681 15.6441 15.8890 16.1358 16.4149 1.501e-03 2.280e-03 1.000e-02 6.903e-02 2.590e-01 1.420e-03 1.689e-03 2.795e-03 5.712e-03 2.513e-02 
UrsaMajorII     0.01763705 16.2860 16.8878 17.5378 18.3119 19.1728 15.4650 15.7403 15.9823 16.2264 16.5000 1.880e-03 2.839e-03 1.196e-02 7.773e-02 2.868e-01 1.780e-03 2.112e-03 3.467e-03 6.966e-03 3.039e-02 
UrsaMajorII     0.01975655 16.3839 16.9776 17.6178 18.3629 19.2081 15.5630 15.8363 16.0761 16.3181 16.5827 2.358e-03 3.543e-03 1.445e-02 8.767e-02 3.156e-01 2.234e-03 2.646e-03 4.310e-03 8.502e-03 3.663e-02 
UrsaMajorII     0.02213075 16.4785 17.0687 17.6964 18.4149 19.2554 15.6614 15.9318 16.1698 16.4090 16.6650 2.958e-03 4.418e-03 1.736e-02 9.834e-02 3.468e-01 2.805e-03 3.314e-03 5.350e-03 1.040e-02 4.385e-02 
UrsaMajorII     0.02479028 16.5698 17.1592 17.7761 18.4690 19.2986 15.7588 16.0260 16.2629 16.4991 16.7484 3.708e-03 5.503e-03 2.072e-02 1.107e-01 3.806e-01 3.518e-03 4.149e-03 6.635e-03 1.265e-02 5.233e-02 
UrsaMajorII     0.02776940 16.6609 17.2502 17.8547 18.5225 19.3378 15.8544 16.1207 16.3557 16.5877 16.8316 4.647e-03 6.849e-03 2.473e-02 1.240e-01 4.181e-01 4.410e-03 5.190e-03 8.220e-03 1.540e-02 6.286e-02 
UrsaMajorII     0.03110654 16.7522 17.3391 17.9308 18.5804 19.3726 15.9494 16.2149 16.4473 16.6764 16.9150 5.819e-03 8.518e-03 2.934e-02 1.388e-01 4.547e-01 5.525e-03 6.487e-03 1.017e-02 1.874e-02 7.499e-02 
UrsaMajorII     0.03484471 16.8444 17.4306 18.0042 18.6327 19.4063 16.0444 16.3085 16.5397 16.7647 17.0014 7.295e-03 1.059e-02 3.493e-02 1.547e-01 4.951e-01 6.928e-03 8.113e-03 1.257e-02 2.273e-02 8.947e-02 
UrsaMajorII     0.03903211 16.9369 17.5183 18.0824 18.6905 19.4454 16.1404 16.4017 16.6306 16.8532 17.0893 9.145e-03 1.316e-02 4.182e-02 1.723e-01 5.336e-01 8.693e-03 1.015e-02 1.556e-02 2.761e-02 1.073e-01 
UrsaMajorII     0.04372272 17.0265 17.6065 18.1604 18.7473 19.4803 16.2372 16.4953 16.7215 16.9405 17.1697 1.146e-02 1.632e-02 4.966e-02 1.933e-01 5.789e-01 1.090e-02 1.269e-02 1.923e-02 3.341e-02 1.280e-01 
UrsaMajorII     0.04897702 17.1156 17.6914 18.2352 18.8041 19.5151 16.3334 16.5879 16.8130 17.0289 17.2519 1.434e-02 2.023e-02 5.891e-02 2.155e-01 6.264e-01 1.366e-02 1.585e-02 2.375e-02 4.060e-02 1.499e-01 
UrsaMajorII     0.05486275 17.2045 17.7748 18.3095 18.8630 19.5472 16.4291 16.6803 16.9036 17.1168 17.3347 1.793e-02 2.505e-02 6.990e-02 2.388e-01 6.677e-01 1.710e-02 1.978e-02 2.926e-02 4.911e-02 1.747e-01 
UrsaMajorII     0.06145578 17.2945 17.8594 18.3804 18.9206 19.5811 16.5241 16.7717 16.9929 17.2055 17.4195 2.243e-02 3.099e-02 8.243e-02 2.678e-01 7.162e-01 2.140e-02 2.466e-02 3.598e-02 5.960e-02 2.081e-01 
UrsaMajorII     0.06884112 17.3793 17.9428 18.4514 18.9775 19.6037 16.6201 16.8621 17.0806 17.2904 17.5044 2.810e-02 3.838e-02 9.728e-02 2.962e-01 7.579e-01 2.684e-02 3.081e-02 4.433e-02 7.232e-02 2.446e-01 
UrsaMajorII     0.07711397 17.4724 18.0251 18.5233 19.0320 19.6281 16.7144 16.9518 17.1679 17.3751 17.5869 3.514e-02 4.745e-02 1.146e-01 3.274e-01 8.018e-01 3.362e-02 3.842e-02 5.453e-02 8.777e-02 2.855e-01 
UrsaMajorII     0.08638100 17.5582 18.1056 18.5927 19.0889 19.6593 16.8038 17.0411 17.2548 17.4588 17.6709 4.390e-02 5.852e-02 1.349e-01 3.606e-01 8.394e-01 4.206e-02 4.784e-02 6.689e-02 1.061e-01 3.287e-01 
UrsaMajorII     0.09676168 17.6380 18.1832 18.6614 19.1480 19.6998 16.8945 17.1295 17.3397 17.5435 17.7568 5.477e-02 7.213e-02 1.581e-01 3.979e-01 8.736e-01 5.255e-02 5.946e-02 8.185e-02 1.278e-01 3.757e-01 
UrsaMajorII     0.10838984 17.7242 18.2591 18.7306 19.2053 19.7330 16.9847 17.2164 17.4239 17.6278 17.8396 6.831e-02 8.871e-02 1.855e-01 4.381e-01 9.026e-01 6.567e-02 7.391e-02 1.000e-01 1.537e-01 4.265e-01 
UrsaMajorII     0.12141539 17.8130 18.3334 18.7948 19.2610 19.7583 17.0747 17.3030 17.5074 17.7131 17.9228 8.526e-02 1.090e-01 2.165e-01 4.772e-01 9.276e-01 8.212e-02 9.189e-02 1.221e-01 1.844e-01 4.836e-01 
UrsaMajorII     0.13600627 17.9008 18.4051 18.8596 19.3145 19.8033 17.1580 17.3864 17.5898 17.7980 18.0067 1.062e-01 1.338e-01 2.521e-01 5.213e-01 9.463e-01 1.025e-01 1.141e-01 1.487e-01 2.203e-01 5.415e-01 
UrsaMajorII     0.15235057 17.9823 18.4754 18.9243 19.3657 19.8476 17.2425 17.4676 17.6712 17.8797 18.0891 1.321e-01 1.639e-01 2.928e-01 5.673e-01 9.621e-01 1.278e-01 1.413e-01 1.805e-01 2.617e-01 6.026e-01 
UrsaMajorII     0.17065902 18.0566 18.5441 18.9863 19.4194 19.8912 17.3253 17.5465 17.7504 17.9608 18.1730 1.640e-01 2.003e-01 3.386e-01 6.146e-01 9.754e-01 1.590e-01 1.746e-01 2.185e-01 3.091e-01 6.635e-01 
UrsaMajorII     0.19116766 18.1334 18.6092 19.0432 19.4745 19.9238 17.4034 17.6200 17.8289 18.0434 18.2556 2.032e-01 2.438e-01 3.897e-01 6.666e-01 9.850e-01 1.975e-01 2.150e-01 2.636e-01 3.629e-01 7.215e-01 
UrsaMajorII     0.21414089 18.2008 18.6709 19.0981 19.5229 19.9636 17.4750 17.6960 17.9074 18.1240 18.3393 2.513e-01 2.957e-01 4.471e-01 7.219e-01 9.907e-01 2.449e-01 2.644e-01 3.173e-01 4.243e-01 7.755e-01 
UrsaMajorII     0.23987488 18.2680 18.7301 19.1516 19.5757 20.0064 17.5373 17.7684 17.9836 18.2042 18.4191 3.102e-01 3.577e-01 5.104e-01 7.738e-01 9.948e-01 3.032e-01 3.244e-01 3.804e-01 4.923e-01 8.246e-01 
UrsaMajorII     0.26870141 18.3282 18.7826 19.2040 19.6240 20.0515 17.5922 17.8344 18.0567 18.2810 18.4992 3.809e-01 4.301e-01 5.792e-01 8.234e-01 9.972e-01 3.735e-01 3.959e-01 4.533e-01 5.667e-01 8.700e-01 
UrsaMajorII     0.30099211 18.3885 18.8352 19.2550 19.6734 20.1002 17.6431 17.8976 18.1287 18.3566 18.5763 4.651e-01 5.142e-01 6.539e-01 8.701e-01 9.985e-01 4.575e-01 4.803e-01 5.368e-01 6.471e-01 9.092e-01 
UrsaMajorII     0.33716329 18.4434 18.8815 19.2996 19.7196 20.1505 17.6789 17.9578 18.1970 18.4300 18.6551 5.639e-01 6.101e-01 7.328e-01 9.116e-01 9.993e-01 5.566e-01 5.783e-01 6.305e-01 7.300e-01 9.403e-01 
UrsaMajorII     0.37768127 18.4952 18.9238 19.3413 19.7650 20.1943 17.7105 18.0126 18.2611 18.4986 18.7241 6.773e-01 7.162e-01 8.139e-01 9.446e-01 9.997e-01 6.711e-01 6.897e-01 7.331e-01 8.144e-01 9.644e-01 
UrsaMajorII     0.42306843 18.5353 18.9626 19.3779 19.8085 20.2410 17.7422 18.0610 18.3186 18.5625 18.7889 8.014e-01 8.285e-01 8.925e-01 9.717e-01 9.999e-01 7.969e-01 8.101e-01 8.400e-01 8.945e-01 9.822e-01 
UrsaMajorII     0.47390991 18.5670 18.9912 19.4084 19.8432 20.2809 17.7594 18.1004 18.3665 18.6141 18.8445 9.237e-01 9.354e-01 9.614e-01 9.911e-01 1.000e+00 9.218e-01 9.276e-01 9.402e-01 9.629e-01 9.945e-01 
UrsaMajorII     0.53086117 18.5838 19.0066 19.4241 19.8613 20.3033 17.7672 18.1194 18.3936 18.6435 18.8758 9.995e-01 9.996e-01 9.998e-01 1.000e+00 1.000e+00 9.995e-01 9.995e-01 9.996e-01 9.998e-01 1.000e+00 
UrsaMajorII     0.59465645 18.5838 19.0067 19.4241 19.8615 20.3033 17.7673 18.1195 18.3938 18.6436 18.8760 1.000e+00 1.000e+00 1.000e+00 1.000e+00 1.000e+00 1.000e+00 1.000e+00 1.000e+00 1.000e+00 1.000e+00 
UrsaMajorII     0.66611821 18.5838 19.0067 19.4241 19.8615 20.3033 17.7673 18.1195 18.3938 18.6436 18.8760 1.000e+00 1.000e+00 1.000e+00 1.000e+00 1.000e+00 1.000e+00 1.000e+00 1.000e+00 1.000e+00 1.000e+00 
UrsaMajorII     0.74616775 18.5838 19.0067 19.4241 19.8615 20.3033 17.7673 18.1195 18.3938 18.6436 18.8760 1.000e+00 1.000e+00 1.000e+00 1.000e+00 1.000e+00 1.000e+00 1.000e+00 1.000e+00 1.000e+00 1.000e+00 
UrsaMajorII     0.83583710 18.5838 19.0067 19.4241 19.8615 20.3033 17.7673 18.1195 18.3938 18.6436 18.8760 1.000e+00 1.000e+00 1.000e+00 1.000e+00 1.000e+00 1.000e+00 1.000e+00 1.000e+00 1.000e+00 1.000e+00 
UrsaMajorII     0.93628230 18.5838 19.0067 19.4241 19.8615 20.3033 17.7673 18.1195 18.3938 18.6436 18.8760 1.000e+00 1.000e+00 1.000e+00 1.000e+00 1.000e+00 1.000e+00 1.000e+00 1.000e+00 1.000e+00 1.000e+00 
UrsaMajorII     1.04879832 18.5838 19.0067 19.4241 19.8615 20.3033 17.7673 18.1195 18.3938 18.6436 18.8760 1.000e+00 1.000e+00 1.000e+00 1.000e+00 1.000e+00 1.000e+00 1.000e+00 1.000e+00 1.000e+00 1.000e+00 
UrsaMajorII     1.17483576 18.5838 19.0067 19.4241 19.8615 20.3033 17.7673 18.1195 18.3938 18.6436 18.8760 1.000e+00 1.000e+00 1.000e+00 1.000e+00 1.000e+00 1.000e+00 1.000e+00 1.000e+00 1.000e+00 1.000e+00 
UrsaMajorII     1.31601950 18.5838 19.0067 19.4241 19.8615 20.3033 17.7673 18.1195 18.3938 18.6436 18.8760 1.000e+00 1.000e+00 1.000e+00 1.000e+00 1.000e+00 1.000e+00 1.000e+00 1.000e+00 1.000e+00 1.000e+00 
UrsaMajorII     1.47416975 18.5838 19.0067 19.4241 19.8615 20.3033 17.7673 18.1195 18.3938 18.6436 18.8760 1.000e+00 1.000e+00 1.000e+00 1.000e+00 1.000e+00 1.000e+00 1.000e+00 1.000e+00 1.000e+00 1.000e+00 
UrsaMajorII     1.65132542 18.5838 19.0067 19.4241 19.8615 20.3033 17.7673 18.1195 18.3938 18.6436 18.8760 1.000e+00 1.000e+00 1.000e+00 1.000e+00 1.000e+00 1.000e+00 1.000e+00 1.000e+00 1.000e+00 1.000e+00 
UrsaMajorII     1.84977045 18.5838 19.0067 19.4241 19.8615 20.3033 17.7673 18.1195 18.3938 18.6436 18.8760 1.000e+00 1.000e+00 1.000e+00 1.000e+00 1.000e+00 1.000e+00 1.000e+00 1.000e+00 1.000e+00 1.000e+00 
UrsaMajorII     2.07206325 18.5838 19.0067 19.4241 19.8615 20.3033 17.7673 18.1195 18.3938 18.6436 18.8760 1.000e+00 1.000e+00 1.000e+00 1.000e+00 1.000e+00 1.000e+00 1.000e+00 1.000e+00 1.000e+00 1.000e+00 
UrsaMajorII     2.32106968 18.5838 19.0067 19.4241 19.8615 20.3033 17.7673 18.1195 18.3938 18.6436 18.8760 1.000e+00 1.000e+00 1.000e+00 1.000e+00 1.000e+00 1.000e+00 1.000e+00 1.000e+00 1.000e+00 1.000e+00 
UrsaMajorII     2.60000000 18.5838 19.0067 19.4241 19.8615 20.3033 17.7673 18.1195 18.3938 18.6436 18.8760 1.000e+00 1.000e+00 1.000e+00 1.000e+00 1.000e+00 1.000e+00 1.000e+00 1.000e+00 1.000e+00 1.000e+00 

