CanesVenaticiI  0.01000000 14.4459 14.8795 15.8483 17.0626 17.9585 14.7236 14.8689 15.0722 15.4622 15.7593 6.698e-04 2.100e-03 4.004e-02 2.858e-01 6.495e-01 5.889e-04 8.959e-04 2.832e-03 3.981e-02 1.095e-01 
CanesVenaticiI  0.01120173 14.5437 14.9724 15.9108 17.1166 17.9826 14.8214 14.9651 15.1635 15.5451 15.8318 8.403e-04 2.593e-03 4.648e-02 3.201e-01 6.881e-01 7.396e-04 1.122e-03 3.478e-03 4.833e-02 1.308e-01 
CanesVenaticiI  0.01254788 14.6387 15.0653 15.9711 17.1656 18.0051 14.9186 15.0609 15.2550 15.6288 15.9011 1.054e-03 3.203e-03 5.353e-02 3.574e-01 7.261e-01 9.282e-04 1.401e-03 4.256e-03 5.851e-02 1.554e-01 
CanesVenaticiI  0.01405580 14.7346 15.1554 16.0299 17.2159 18.0304 15.0158 15.1563 15.3457 15.7091 15.9719 1.320e-03 3.932e-03 6.135e-02 3.991e-01 7.633e-01 1.164e-03 1.748e-03 5.204e-03 7.085e-02 1.834e-01 
CanesVenaticiI  0.01574493 14.8309 15.2468 16.0875 17.2616 18.0563 15.1131 15.2516 15.4360 15.7883 16.0402 1.653e-03 4.830e-03 6.978e-02 4.455e-01 7.986e-01 1.459e-03 2.182e-03 6.388e-03 8.534e-02 2.154e-01 
CanesVenaticiI  0.01763705 14.9262 15.3355 16.1418 17.3068 18.0705 15.2101 15.3464 15.5255 15.8667 16.1054 2.067e-03 5.931e-03 7.919e-02 4.939e-01 8.297e-01 1.828e-03 2.720e-03 7.820e-03 1.019e-01 2.500e-01 
CanesVenaticiI  0.01975655 15.0241 15.4243 16.1939 17.3518 18.0912 15.3077 15.4400 15.6152 15.9424 16.1692 2.590e-03 7.292e-03 9.107e-02 5.451e-01 8.604e-01 2.294e-03 3.397e-03 9.542e-03 1.210e-01 2.906e-01 
CanesVenaticiI  0.02213075 15.1191 15.5135 16.2514 17.3959 18.1079 15.4046 15.5335 15.7043 16.0164 16.2302 3.245e-03 8.967e-03 1.038e-01 5.996e-01 8.877e-01 2.879e-03 4.239e-03 1.166e-02 1.430e-01 3.366e-01 
CanesVenaticiI  0.02479028 15.2117 15.6023 16.3071 17.4315 18.1234 15.5008 15.6272 15.7927 16.0889 16.2862 4.063e-03 1.101e-02 1.183e-01 6.512e-01 9.129e-01 3.609e-03 5.284e-03 1.429e-02 1.686e-01 3.848e-01 
CanesVenaticiI  0.02776940 15.3069 15.6886 16.3622 17.4626 18.1367 15.5975 15.7211 15.8810 16.1585 16.3391 5.085e-03 1.344e-02 1.342e-01 7.025e-01 9.335e-01 4.524e-03 6.581e-03 1.743e-02 1.974e-01 4.360e-01 
CanesVenaticiI  0.03110654 15.4027 15.7751 16.4168 17.4922 18.1461 15.6937 15.8150 15.9685 16.2262 16.3897 6.358e-03 1.639e-02 1.520e-01 7.532e-01 9.506e-01 5.664e-03 8.196e-03 2.135e-02 2.307e-01 4.885e-01 
CanesVenaticiI  0.03484471 15.4965 15.8630 16.4728 17.5173 18.1527 15.7899 15.9073 16.0552 16.2895 16.4399 7.958e-03 1.994e-02 1.715e-01 8.005e-01 9.648e-01 7.098e-03 1.019e-02 2.595e-02 2.679e-01 5.409e-01 
CanesVenaticiI  0.03903211 15.5900 15.9466 16.5247 17.5388 18.1568 15.8848 15.9986 16.1418 16.3513 16.4839 9.968e-03 2.427e-02 1.926e-01 8.423e-01 9.766e-01 8.898e-03 1.268e-02 3.162e-02 3.087e-01 5.984e-01 
CanesVenaticiI  0.04372272 15.6844 16.0306 16.5753 17.5587 18.1599 15.9786 16.0891 16.2271 16.4089 16.5247 1.247e-02 2.964e-02 2.161e-01 8.792e-01 9.847e-01 1.115e-02 1.576e-02 3.842e-02 3.516e-01 6.564e-01 
CanesVenaticiI  0.04897702 15.7766 16.1146 16.6272 17.5750 18.1620 16.0709 16.1795 16.3103 16.4642 16.5639 1.558e-02 3.606e-02 2.416e-01 9.105e-01 9.902e-01 1.395e-02 1.959e-02 4.680e-02 3.971e-01 7.131e-01 
CanesVenaticiI  0.05486275 15.8686 16.1945 16.6789 17.5888 18.1638 16.1635 16.2695 16.3915 16.5174 16.6043 1.944e-02 4.375e-02 2.703e-01 9.355e-01 9.943e-01 1.745e-02 2.433e-02 5.657e-02 4.453e-01 7.614e-01 
CanesVenaticiI  0.06145578 15.9617 16.2736 16.7312 17.5981 18.1652 16.2549 16.3572 16.4696 16.5706 16.6503 2.423e-02 5.307e-02 3.010e-01 9.545e-01 9.969e-01 2.183e-02 3.017e-02 6.853e-02 4.952e-01 8.102e-01 
CanesVenaticiI  0.06884112 16.0516 16.3519 16.7802 17.6063 18.1662 16.3470 16.4438 16.5421 16.6264 16.7102 3.026e-02 6.427e-02 3.339e-01 9.698e-01 9.983e-01 2.734e-02 3.741e-02 8.261e-02 5.465e-01 8.528e-01 
CanesVenaticiI  0.07711397 16.1393 16.4282 16.8275 17.6112 18.1669 16.4356 16.5223 16.6065 16.6882 16.7831 3.775e-02 7.776e-02 3.702e-01 9.800e-01 9.991e-01 3.420e-02 4.628e-02 9.974e-02 5.989e-01 8.871e-01 
CanesVenaticiI  0.08638100 16.2242 16.5021 16.8752 17.6161 18.1675 16.5142 16.5912 16.6674 16.7604 16.8660 4.699e-02 9.347e-02 4.080e-01 9.872e-01 9.996e-01 4.275e-02 5.726e-02 1.197e-01 6.486e-01 9.145e-01 
CanesVenaticiI  0.09676168 16.3108 16.5728 16.9227 17.6189 18.1678 16.5775 16.6481 16.7305 16.8389 16.9552 5.842e-02 1.122e-01 4.477e-01 9.921e-01 9.998e-01 5.339e-02 7.061e-02 1.432e-01 6.945e-01 9.376e-01 
CanesVenaticiI  0.10838984 16.3939 16.6411 16.9679 17.6200 18.1681 16.6064 16.6928 16.7952 16.9214 17.0460 7.278e-02 1.352e-01 4.916e-01 9.953e-01 9.999e-01 6.664e-02 8.684e-02 1.708e-01 7.379e-01 9.557e-01 
CanesVenaticiI  0.12141539 16.4741 16.7076 17.0155 17.6216 18.1682 16.6219 16.7280 16.8644 17.0041 17.1358 9.054e-02 1.620e-01 5.388e-01 9.974e-01 1.000e+00 8.320e-02 1.069e-01 2.036e-01 7.800e-01 9.698e-01 
CanesVenaticiI  0.13600627 16.5474 16.7711 17.0602 17.6226 18.1683 16.6289 16.7527 16.9341 17.0879 17.2248 1.124e-01 1.933e-01 5.879e-01 9.986e-01 1.000e+00 1.037e-01 1.314e-01 2.418e-01 8.184e-01 9.801e-01 
CanesVenaticiI  0.15235057 16.6169 16.8309 17.1023 17.6233 18.1684 16.6364 16.7727 17.0045 17.1710 17.3135 1.393e-01 2.299e-01 6.380e-01 9.992e-01 1.000e+00 1.290e-01 1.610e-01 2.864e-01 8.527e-01 9.868e-01 
CanesVenaticiI  0.17065902 16.6819 16.8875 17.1426 17.6258 18.1684 16.6414 16.7890 17.0747 17.2542 17.4012 1.719e-01 2.716e-01 6.879e-01 9.996e-01 1.000e+00 1.602e-01 1.968e-01 3.363e-01 8.829e-01 9.914e-01 
CanesVenaticiI  0.19116766 16.7433 16.9367 17.1828 17.6279 18.1685 16.6446 16.8021 17.1437 17.3370 17.4871 2.118e-01 3.209e-01 7.381e-01 9.998e-01 1.000e+00 1.984e-01 2.395e-01 3.919e-01 9.103e-01 9.946e-01 
CanesVenaticiI  0.21414089 16.7938 16.9816 17.2188 17.6346 18.1685 16.6466 16.8130 17.2088 17.4172 17.5731 2.604e-01 3.778e-01 7.865e-01 9.999e-01 1.000e+00 2.455e-01 2.907e-01 4.550e-01 9.311e-01 9.966e-01 
CanesVenaticiI  0.23987488 16.8403 17.0202 17.2565 17.6475 18.1685 16.6475 16.8204 17.2722 17.4959 17.6583 3.196e-01 4.421e-01 8.312e-01 1.000e+00 1.000e+00 3.032e-01 3.515e-01 5.231e-01 9.496e-01 9.979e-01 
CanesVenaticiI  0.26870141 16.8731 17.0543 17.2916 17.6711 18.1685 16.6493 16.8271 17.3321 17.5737 17.7424 3.899e-01 5.136e-01 8.723e-01 1.000e+00 1.000e+00 3.724e-01 4.233e-01 5.972e-01 9.637e-01 9.988e-01 
CanesVenaticiI  0.30099211 16.8970 17.0812 17.3220 17.6879 18.1685 16.6509 16.8344 17.3874 17.6495 17.8250 4.725e-01 5.919e-01 9.083e-01 1.000e+00 1.000e+00 4.547e-01 5.060e-01 6.750e-01 9.752e-01 9.993e-01 
CanesVenaticiI  0.33716329 16.9161 17.1038 17.3520 17.7157 18.1696 16.6509 16.8381 17.4411 17.7217 17.9052 5.688e-01 6.790e-01 9.388e-01 1.000e+00 1.000e+00 5.517e-01 6.000e-01 7.536e-01 9.841e-01 9.996e-01 
CanesVenaticiI  0.37768127 16.9277 17.1223 17.3791 17.7408 18.1759 16.6518 16.8411 17.4863 17.7896 17.9804 6.786e-01 7.694e-01 9.635e-01 1.000e+00 1.000e+00 6.635e-01 7.048e-01 8.307e-01 9.906e-01 9.998e-01 
CanesVenaticiI  0.42306843 16.9342 17.1368 17.4018 17.7679 18.1787 16.6523 16.8435 17.5239 17.8533 18.0492 7.974e-01 8.602e-01 9.817e-01 1.000e+00 1.000e+00 7.861e-01 8.159e-01 9.019e-01 9.953e-01 9.999e-01 
CanesVenaticiI  0.47390991 16.9389 17.1474 17.4228 17.7905 18.1838 16.6524 16.8451 17.5546 17.9052 18.1070 9.146e-01 9.435e-01 9.938e-01 1.000e+00 1.000e+00 9.090e-01 9.233e-01 9.623e-01 9.984e-01 1.000e+00 
CanesVenaticiI  0.53086117 16.9391 17.1535 17.4352 17.8037 18.1888 16.6526 16.8461 17.5720 17.9371 18.1436 9.950e-01 9.969e-01 9.997e-01 1.000e+00 1.000e+00 9.946e-01 9.956e-01 9.980e-01 9.999e-01 1.000e+00 
CanesVenaticiI  0.59465645 16.9391 17.1536 17.4362 17.8050 18.1891 16.6526 16.8461 17.5732 17.9390 18.1459 1.000e+00 1.000e+00 1.000e+00 1.000e+00 1.000e+00 1.000e+00 1.000e+00 1.000e+00 1.000e+00 1.000e+00 
CanesVenaticiI  0.66611821 16.9391 17.1536 17.4362 17.8050 18.1891 16.6526 16.8461 17.5732 17.9390 18.1459 1.000e+00 1.000e+00 1.000e+00 1.000e+00 1.000e+00 1.000e+00 1.000e+00 1.000e+00 1.000e+00 1.000e+00 
CanesVenaticiI  0.74616775 16.9391 17.1536 17.4362 17.8050 18.1891 16.6526 16.8461 17.5732 17.9390 18.1459 1.000e+00 1.000e+00 1.000e+00 1.000e+00 1.000e+00 1.000e+00 1.000e+00 1.000e+00 1.000e+00 1.000e+00 
CanesVenaticiI  0.83583710 16.9391 17.1536 17.4362 17.8050 18.1891 16.6526 16.8461 17.5732 17.9390 18.1459 1.000e+00 1.000e+00 1.000e+00 1.000e+00 1.000e+00 1.000e+00 1.000e+00 1.000e+00 1.000e+00 1.000e+00 
CanesVenaticiI  0.93628230 16.9391 17.1536 17.4362 17.8050 18.1891 16.6526 16.8461 17.5732 17.9390 18.1459 1.000e+00 1.000e+00 1.000e+00 1.000e+00 1.000e+00 1.000e+00 1.000e+00 1.000e+00 1.000e+00 1.000e+00 
CanesVenaticiI  1.04879832 16.9391 17.1536 17.4362 17.8050 18.1891 16.6526 16.8461 17.5732 17.9390 18.1459 1.000e+00 1.000e+00 1.000e+00 1.000e+00 1.000e+00 1.000e+00 1.000e+00 1.000e+00 1.000e+00 1.000e+00 
CanesVenaticiI  1.17483576 16.9391 17.1536 17.4362 17.8050 18.1891 16.6526 16.8461 17.5732 17.9390 18.1459 1.000e+00 1.000e+00 1.000e+00 1.000e+00 1.000e+00 1.000e+00 1.000e+00 1.000e+00 1.000e+00 1.000e+00 
CanesVenaticiI  1.31601950 16.9391 17.1536 17.4362 17.8050 18.1891 16.6526 16.8461 17.5732 17.9390 18.1459 1.000e+00 1.000e+00 1.000e+00 1.000e+00 1.000e+00 1.000e+00 1.000e+00 1.000e+00 1.000e+00 1.000e+00 
CanesVenaticiI  1.47416975 16.9391 17.1536 17.4362 17.8050 18.1891 16.6526 16.8461 17.5732 17.9390 18.1459 1.000e+00 1.000e+00 1.000e+00 1.000e+00 1.000e+00 1.000e+00 1.000e+00 1.000e+00 1.000e+00 1.000e+00 
CanesVenaticiI  1.65132542 16.9391 17.1536 17.4362 17.8050 18.1891 16.6526 16.8461 17.5732 17.9390 18.1459 1.000e+00 1.000e+00 1.000e+00 1.000e+00 1.000e+00 1.000e+00 1.000e+00 1.000e+00 1.000e+00 1.000e+00 
CanesVenaticiI  1.84977045 16.9391 17.1536 17.4362 17.8050 18.1891 16.6526 16.8461 17.5732 17.9390 18.1459 1.000e+00 1.000e+00 1.000e+00 1.000e+00 1.000e+00 1.000e+00 1.000e+00 1.000e+00 1.000e+00 1.000e+00 
CanesVenaticiI  2.07206325 16.9391 17.1536 17.4362 17.8050 18.1891 16.6526 16.8461 17.5732 17.9390 18.1459 1.000e+00 1.000e+00 1.000e+00 1.000e+00 1.000e+00 1.000e+00 1.000e+00 1.000e+00 1.000e+00 1.000e+00 
CanesVenaticiI  2.32106968 16.9391 17.1536 17.4362 17.8050 18.1891 16.6526 16.8461 17.5732 17.9390 18.1459 1.000e+00 1.000e+00 1.000e+00 1.000e+00 1.000e+00 1.000e+00 1.000e+00 1.000e+00 1.000e+00 1.000e+00 
CanesVenaticiI  2.60000000 16.9391 17.1536 17.4362 17.8050 18.1891 16.6526 16.8461 17.5732 17.9390 18.1459 1.000e+00 1.000e+00 1.000e+00 1.000e+00 1.000e+00 1.000e+00 1.000e+00 1.000e+00 1.000e+00 1.000e+00 

