UrsaMinor        0.01000000 16.2106 16.9523 17.7171 18.4499 19.0418 15.2945 15.4899 15.7133 15.9455 16.1375 3.034e-03 1.394e-02 5.991e-02 1.926e-01 3.874e-01 4.630e-04 1.364e-03 3.833e-03 8.928e-03 1.640e-02 
UrsaMinor        0.01120173 16.3045 17.0334 17.7783 18.4896 19.0736 15.3921 15.5844 15.8040 16.0296 16.2161 3.779e-03 1.686e-02 6.952e-02 2.127e-01 4.150e-01 5.738e-04 1.690e-03 4.710e-03 1.089e-02 1.986e-02 
UrsaMinor        0.01254788 16.3952 17.1084 17.8392 18.5345 19.1067 15.4884 15.6784 15.8938 16.1140 16.2948 4.642e-03 2.046e-02 8.041e-02 2.343e-01 4.442e-01 7.092e-04 2.090e-03 5.785e-03 1.328e-02 2.392e-02 
UrsaMinor        0.01405580 16.4870 17.1849 17.9026 18.5773 19.1375 15.5862 15.7731 15.9829 16.1971 16.3729 5.787e-03 2.469e-02 9.280e-02 2.574e-01 4.743e-01 8.826e-04 2.585e-03 7.104e-03 1.619e-02 2.883e-02 
UrsaMinor        0.01574493 16.5819 17.2620 17.9651 18.6185 19.1669 15.6836 15.8673 16.0715 16.2806 16.4488 7.119e-03 2.966e-02 1.072e-01 2.827e-01 5.046e-01 1.092e-03 3.199e-03 8.719e-03 1.968e-02 3.454e-02 
UrsaMinor        0.01763705 16.6764 17.3368 18.0265 18.6591 19.1938 15.7812 15.9592 16.1596 16.3626 16.5253 8.761e-03 3.554e-02 1.231e-01 3.100e-01 5.387e-01 1.353e-03 3.937e-03 1.065e-02 2.383e-02 4.159e-02 
UrsaMinor        0.01975655 16.7676 17.4138 18.0864 18.7002 19.2250 15.8785 16.0518 16.2470 16.4439 16.5993 1.086e-02 4.262e-02 1.414e-01 3.397e-01 5.699e-01 1.674e-03 4.870e-03 1.301e-02 2.896e-02 4.979e-02 
UrsaMinor        0.02213075 16.8601 17.4914 18.1453 18.7420 19.2511 15.9756 16.1436 16.3343 16.5251 16.6735 1.336e-02 5.082e-02 1.626e-01 3.713e-01 6.039e-01 2.061e-03 6.001e-03 1.590e-02 3.495e-02 5.958e-02 
UrsaMinor        0.02479028 16.9540 17.5674 18.2024 18.7830 19.2757 16.0717 16.2348 16.4208 16.6051 16.7473 1.651e-02 6.039e-02 1.863e-01 4.044e-01 6.361e-01 2.550e-03 7.379e-03 1.942e-02 4.205e-02 7.086e-02 
UrsaMinor        0.02776940 17.0471 17.6401 18.2583 18.8236 19.2976 16.1679 16.3252 16.5064 16.6841 16.8188 2.030e-02 7.159e-02 2.130e-01 4.408e-01 6.696e-01 3.138e-03 9.080e-03 2.363e-02 5.057e-02 8.458e-02 
UrsaMinor        0.03110654 17.1367 17.7110 18.3143 18.8631 19.3199 16.2644 16.4152 16.5913 16.7617 16.8906 2.462e-02 8.483e-02 2.424e-01 4.779e-01 7.032e-01 3.864e-03 1.115e-02 2.868e-02 6.082e-02 1.004e-01 
UrsaMinor        0.03484471 17.2248 17.7773 18.3710 18.9018 19.3378 16.3607 16.5051 16.6754 16.8384 16.9609 3.020e-02 1.000e-01 2.754e-01 5.161e-01 7.356e-01 4.754e-03 1.366e-02 3.478e-02 7.272e-02 1.182e-01 
UrsaMinor        0.03903211 17.3074 17.8467 18.4225 18.9384 19.3564 16.4558 16.5939 16.7587 16.9141 17.0292 3.643e-02 1.173e-01 3.117e-01 5.573e-01 7.676e-01 5.843e-03 1.669e-02 4.206e-02 8.700e-02 1.395e-01 
UrsaMinor        0.04372272 17.3930 17.9133 18.4711 18.9704 19.3736 16.5512 16.6819 16.8407 16.9879 17.0968 4.421e-02 1.384e-01 3.508e-01 6.001e-01 7.990e-01 7.156e-03 2.038e-02 5.084e-02 1.035e-01 1.642e-01 
UrsaMinor        0.04897702 17.4762 17.9779 18.5198 19.0039 19.3923 16.6464 16.7696 16.9216 17.0600 17.1618 5.299e-02 1.624e-01 3.932e-01 6.432e-01 8.275e-01 8.779e-03 2.497e-02 6.127e-02 1.225e-01 1.920e-01 
UrsaMinor        0.05486275 17.5632 18.0431 18.5666 19.0353 19.4062 16.7396 16.8566 17.0005 17.1306 17.2253 6.345e-02 1.884e-01 4.390e-01 6.862e-01 8.525e-01 1.072e-02 3.055e-02 7.347e-02 1.443e-01 2.239e-01 
UrsaMinor        0.06145578 17.6471 18.1030 18.6112 19.0624 19.4219 16.8323 16.9422 17.0778 17.1984 17.2865 7.585e-02 2.173e-01 4.867e-01 7.297e-01 8.764e-01 1.311e-02 3.721e-02 8.794e-02 1.688e-01 2.596e-01 
UrsaMinor        0.06884112 17.7300 18.1623 18.6528 19.0847 19.4345 16.9236 17.0272 17.1539 17.2641 17.3448 9.112e-02 2.507e-01 5.350e-01 7.714e-01 9.003e-01 1.603e-02 4.519e-02 1.048e-01 1.968e-01 2.987e-01 
UrsaMinor        0.07711397 17.8081 18.2209 18.6919 19.1056 19.4439 17.0148 17.1113 17.2280 17.3274 17.4016 1.078e-01 2.880e-01 5.852e-01 8.094e-01 9.195e-01 1.963e-02 5.468e-02 1.240e-01 2.285e-01 3.425e-01 
UrsaMinor        0.08638100 17.8847 18.2760 18.7278 19.1249 19.4522 17.1056 17.1946 17.2993 17.3883 17.4574 1.278e-01 3.291e-01 6.357e-01 8.446e-01 9.376e-01 2.403e-02 6.640e-02 1.465e-01 2.628e-01 3.901e-01 
UrsaMinor        0.09676168 17.9591 18.3293 18.7612 19.1416 19.4604 17.1948 17.2758 17.3684 17.4469 17.5108 1.502e-01 3.728e-01 6.843e-01 8.763e-01 9.519e-01 2.923e-02 7.987e-02 1.720e-01 3.019e-01 4.421e-01 
UrsaMinor        0.10838984 18.0314 18.3791 18.7923 19.1562 19.4676 17.2806 17.3551 17.4350 17.5029 17.5602 1.735e-01 4.219e-01 7.327e-01 9.038e-01 9.640e-01 3.570e-02 9.591e-02 2.007e-01 3.443e-01 4.953e-01 
UrsaMinor        0.12141539 18.1041 18.4271 18.8186 19.1671 19.4722 17.3656 17.4321 17.4986 17.5569 17.6080 2.004e-01 4.719e-01 7.775e-01 9.273e-01 9.738e-01 4.319e-02 1.148e-01 2.331e-01 3.893e-01 5.534e-01 
UrsaMinor        0.13600627 18.1718 18.4739 18.8421 19.1767 19.4761 17.4479 17.5058 17.5597 17.6095 17.6547 2.303e-01 5.259e-01 8.190e-01 9.466e-01 9.819e-01 5.244e-02 1.367e-01 2.693e-01 4.358e-01 6.115e-01 
UrsaMinor        0.15235057 18.2380 18.5168 18.8617 19.1838 19.4781 17.5269 17.5737 17.6182 17.6607 17.7020 2.612e-01 5.805e-01 8.557e-01 9.617e-01 9.879e-01 6.352e-02 1.610e-01 3.087e-01 4.845e-01 6.657e-01 
UrsaMinor        0.17065902 18.2980 18.5554 18.8784 19.1885 19.4797 17.5970 17.6356 17.6733 17.7125 17.7525 2.956e-01 6.340e-01 8.875e-01 9.735e-01 9.923e-01 7.664e-02 1.891e-01 3.505e-01 5.337e-01 7.191e-01 
UrsaMinor        0.19116766 18.3560 18.5883 18.8917 19.1929 19.4814 17.6525 17.6883 17.7256 17.7656 17.8085 3.319e-01 6.852e-01 9.153e-01 9.821e-01 9.953e-01 9.150e-02 2.211e-01 3.947e-01 5.832e-01 7.701e-01 
UrsaMinor        0.21414089 18.4082 18.6186 18.9014 19.1960 19.4828 17.6895 17.7329 17.7757 17.8210 17.8734 3.734e-01 7.355e-01 9.378e-01 9.883e-01 9.973e-01 1.093e-01 2.571e-01 4.422e-01 6.329e-01 8.154e-01 
UrsaMinor        0.23987488 18.4553 18.6452 18.9096 19.1980 19.4839 17.7163 17.7687 17.8227 17.8777 17.9420 4.215e-01 7.811e-01 9.557e-01 9.924e-01 9.984e-01 1.313e-01 2.972e-01 4.901e-01 6.808e-01 8.563e-01 
UrsaMinor        0.26870141 18.4947 18.6687 18.9165 19.1993 19.4848 17.7383 17.7984 17.8656 17.9342 18.0139 4.669e-01 8.264e-01 9.694e-01 9.954e-01 9.992e-01 1.563e-01 3.413e-01 5.395e-01 7.271e-01 8.901e-01 
UrsaMinor        0.30099211 18.5318 18.6886 18.9212 19.2003 19.4853 17.7557 17.8234 17.9047 17.9894 18.0864 5.140e-01 8.667e-01 9.794e-01 9.972e-01 9.996e-01 1.858e-01 3.896e-01 5.885e-01 7.709e-01 9.187e-01 
UrsaMinor        0.33716329 18.5623 18.7062 18.9249 19.2013 19.4854 17.7709 17.8453 17.9393 18.0415 18.1574 5.615e-01 9.005e-01 9.865e-01 9.984e-01 9.998e-01 2.197e-01 4.396e-01 6.370e-01 8.108e-01 9.404e-01 
UrsaMinor        0.37768127 18.5872 18.7200 18.9281 19.2014 19.4855 17.7830 17.8635 17.9707 18.0906 18.2279 6.141e-01 9.277e-01 9.915e-01 9.991e-01 9.999e-01 2.589e-01 4.929e-01 6.844e-01 8.481e-01 9.576e-01 
UrsaMinor        0.42306843 18.6093 18.7303 18.9302 19.2017 19.4856 17.7913 17.8800 17.9980 18.1374 18.2976 6.657e-01 9.489e-01 9.948e-01 9.995e-01 1.000e+00 3.035e-01 5.478e-01 7.296e-01 8.804e-01 9.715e-01 
UrsaMinor        0.47390991 18.6249 18.7405 18.9322 19.2021 19.4856 17.7973 17.8939 18.0216 18.1790 18.3675 7.138e-01 9.652e-01 9.968e-01 9.997e-01 1.000e+00 3.557e-01 6.029e-01 7.726e-01 9.075e-01 9.811e-01 
UrsaMinor        0.53086117 18.6355 18.7470 18.9339 19.2024 19.4856 17.8028 17.9062 18.0426 18.2157 18.4310 7.604e-01 9.770e-01 9.981e-01 9.999e-01 1.000e+00 4.139e-01 6.589e-01 8.132e-01 9.300e-01 9.875e-01 
UrsaMinor        0.59465645 18.6406 18.7529 18.9358 19.2025 19.4856 17.8065 17.9167 18.0608 18.2482 18.4914 8.045e-01 9.851e-01 9.990e-01 9.999e-01 1.000e+00 4.786e-01 7.143e-01 8.503e-01 9.491e-01 9.921e-01 
UrsaMinor        0.66611821 18.6453 18.7579 18.9379 19.2025 19.4857 17.8101 17.9249 18.0769 18.2791 18.5507 8.440e-01 9.908e-01 9.994e-01 1.000e+00 1.000e+00 5.490e-01 7.681e-01 8.834e-01 9.642e-01 9.952e-01 
UrsaMinor        0.74616775 18.6478 18.7613 18.9396 19.2026 19.4857 17.8131 17.9313 18.0907 18.3054 18.6057 8.813e-01 9.944e-01 9.997e-01 1.000e+00 1.000e+00 6.254e-01 8.187e-01 9.122e-01 9.757e-01 9.971e-01 
UrsaMinor        0.83583710 18.6485 18.7634 18.9414 19.2027 19.4857 17.8143 17.9365 18.1027 18.3287 18.6546 9.158e-01 9.969e-01 9.998e-01 1.000e+00 1.000e+00 7.044e-01 8.661e-01 9.376e-01 9.844e-01 9.984e-01 
UrsaMinor        0.93628230 18.6498 18.7647 18.9430 19.2028 19.4857 17.8148 17.9417 18.1123 18.3490 18.7023 9.465e-01 9.983e-01 9.999e-01 1.000e+00 1.000e+00 7.850e-01 9.083e-01 9.591e-01 9.906e-01 9.991e-01 
UrsaMinor        1.04879832 18.6506 18.7655 18.9445 19.2032 19.4857 17.8155 17.9447 18.1197 18.3657 18.7435 9.697e-01 9.992e-01 1.000e+00 1.000e+00 1.000e+00 8.641e-01 9.457e-01 9.768e-01 9.952e-01 9.996e-01 
UrsaMinor        1.17483576 18.6506 18.7666 18.9456 19.2046 19.4857 17.8157 17.9471 18.1256 18.3785 18.7785 9.875e-01 9.997e-01 1.000e+00 1.000e+00 1.000e+00 9.365e-01 9.762e-01 9.902e-01 9.981e-01 9.999e-01 
UrsaMinor        1.31601950 18.6509 18.7668 18.9462 19.2047 19.4857 17.8160 17.9488 18.1296 18.3864 18.8043 9.984e-01 1.000e+00 1.000e+00 1.000e+00 1.000e+00 9.909e-01 9.968e-01 9.987e-01 9.998e-01 1.000e+00 
UrsaMinor        1.47416975 18.6509 18.7668 18.9462 19.2047 19.4857 17.8161 17.9492 18.1301 18.3871 18.8080 1.000e+00 1.000e+00 1.000e+00 1.000e+00 1.000e+00 1.000e+00 1.000e+00 1.000e+00 1.000e+00 1.000e+00 
UrsaMinor        1.65132542 18.6509 18.7668 18.9462 19.2047 19.4857 17.8161 17.9492 18.1301 18.3871 18.8080 1.000e+00 1.000e+00 1.000e+00 1.000e+00 1.000e+00 1.000e+00 1.000e+00 1.000e+00 1.000e+00 1.000e+00 
UrsaMinor        1.84977045 18.6509 18.7668 18.9462 19.2047 19.4857 17.8161 17.9492 18.1301 18.3871 18.8080 1.000e+00 1.000e+00 1.000e+00 1.000e+00 1.000e+00 1.000e+00 1.000e+00 1.000e+00 1.000e+00 1.000e+00 
UrsaMinor        2.07206325 18.6509 18.7668 18.9462 19.2047 19.4857 17.8161 17.9492 18.1301 18.3871 18.8080 1.000e+00 1.000e+00 1.000e+00 1.000e+00 1.000e+00 1.000e+00 1.000e+00 1.000e+00 1.000e+00 1.000e+00 
UrsaMinor        2.32106968 18.6509 18.7668 18.9462 19.2047 19.4857 17.8161 17.9492 18.1301 18.3871 18.8080 1.000e+00 1.000e+00 1.000e+00 1.000e+00 1.000e+00 1.000e+00 1.000e+00 1.000e+00 1.000e+00 1.000e+00 
UrsaMinor        2.60000000 18.6509 18.7668 18.9462 19.2047 19.4857 17.8161 17.9492 18.1301 18.3871 18.8080 1.000e+00 1.000e+00 1.000e+00 1.000e+00 1.000e+00 1.000e+00 1.000e+00 1.000e+00 1.000e+00 1.000e+00 
