Segue2           0.01000000 13.1926 13.8802 15.0288 16.3691 18.0200 13.3633 13.6830 14.1979 14.7700 15.2134 1.321e-02 2.056e-02 6.950e-02 4.162e-01 9.023e-01 6.266e-03 7.255e-03 1.138e-02 5.862e-02 3.560e-01 
Segue2           0.01120173 13.2694 13.9489 15.0954 16.4159 18.0385 13.4562 13.7699 14.2869 14.8588 15.2823 1.602e-02 2.454e-02 7.934e-02 4.537e-01 9.309e-01 7.802e-03 9.006e-03 1.396e-02 6.991e-02 4.105e-01 
Segue2           0.01254788 13.3412 14.0270 15.1532 16.4741 18.0540 13.5488 13.8613 14.3683 14.9430 15.3581 1.941e-02 2.927e-02 9.056e-02 4.967e-01 9.526e-01 9.705e-03 1.117e-02 1.702e-02 8.393e-02 4.686e-01 
Segue2           0.01405580 13.4078 14.0944 15.1993 16.5185 18.0665 13.6410 13.9515 14.4509 15.0277 15.4216 2.348e-02 3.476e-02 1.037e-01 5.379e-01 9.673e-01 1.206e-02 1.383e-02 2.073e-02 1.004e-01 5.291e-01 
Segue2           0.01574493 13.4738 14.1640 15.2545 16.5484 18.0729 13.7320 14.0426 14.5317 15.0993 15.4782 2.837e-02 4.129e-02 1.185e-01 5.826e-01 9.784e-01 1.497e-02 1.712e-02 2.526e-02 1.211e-01 5.910e-01 
Segue2           0.01763705 13.5404 14.2360 15.3247 16.5772 18.0757 13.8219 14.1279 14.6146 15.1669 15.5405 3.424e-02 4.896e-02 1.351e-01 6.240e-01 9.852e-01 1.855e-02 2.114e-02 3.075e-02 1.456e-01 6.476e-01 
Segue2           0.01975655 13.6089 14.3000 15.3851 16.6170 18.0775 13.9111 14.2151 14.6984 15.2443 15.5991 4.132e-02 5.798e-02 1.521e-01 6.657e-01 9.912e-01 2.304e-02 2.611e-02 3.748e-02 1.729e-01 6.961e-01 
Segue2           0.02213075 13.6799 14.3680 15.4470 16.6639 18.0786 13.9992 14.2975 14.7806 15.3184 15.6700 4.982e-02 6.864e-02 1.716e-01 7.077e-01 9.947e-01 2.858e-02 3.221e-02 4.556e-02 2.008e-01 7.452e-01 
Segue2           0.02479028 13.7469 14.4273 15.5107 16.7099 18.0793 14.0869 14.3852 14.8596 15.3778 15.7355 5.997e-02 8.140e-02 1.934e-01 7.490e-01 9.965e-01 3.540e-02 3.966e-02 5.532e-02 2.325e-01 7.866e-01 
Segue2           0.02776940 13.8099 14.4828 15.5662 16.7636 18.0797 14.1740 14.4739 14.9438 15.4440 15.7929 7.208e-02 9.604e-02 2.186e-01 7.869e-01 9.978e-01 4.378e-02 4.876e-02 6.713e-02 2.689e-01 8.224e-01 
Segue2           0.03110654 13.8714 14.5436 15.6021 16.8198 18.0799 14.2606 14.5569 15.0280 15.5210 15.8705 8.647e-02 1.134e-01 2.443e-01 8.257e-01 9.989e-01 5.404e-02 5.985e-02 8.114e-02 3.095e-01 8.648e-01 
Segue2           0.03484471 13.9355 14.6046 15.6692 16.8542 18.0800 14.3475 14.6435 15.1059 15.5741 15.9345 1.037e-01 1.341e-01 2.730e-01 8.643e-01 9.995e-01 6.668e-02 7.347e-02 9.808e-02 3.516e-01 9.006e-01 
Segue2           0.03903211 14.0020 14.6644 15.7228 16.8931 18.0801 14.4349 14.7283 15.1810 15.6415 16.0022 1.243e-01 1.583e-01 3.070e-01 8.923e-01 9.998e-01 8.222e-02 9.006e-02 1.180e-01 3.967e-01 9.287e-01 
Segue2           0.04372272 14.0682 14.7232 15.7612 16.9384 18.0801 14.5219 14.8115 15.2507 15.7097 16.0711 1.488e-01 1.857e-01 3.449e-01 9.171e-01 9.999e-01 1.012e-01 1.102e-01 1.420e-01 4.455e-01 9.499e-01 
Segue2           0.04897702 14.1306 14.7798 15.8052 16.9769 18.0801 14.6080 14.8884 15.3184 15.7774 16.1341 1.776e-01 2.171e-01 3.823e-01 9.427e-01 1.000e+00 1.243e-01 1.345e-01 1.703e-01 4.965e-01 9.655e-01 
Segue2           0.05486275 14.1883 14.8349 15.8322 17.0227 18.0801 14.6937 14.9659 15.3797 15.8290 16.2054 2.111e-01 2.533e-01 4.219e-01 9.608e-01 1.000e+00 1.523e-01 1.638e-01 2.040e-01 5.494e-01 9.767e-01 
Segue2           0.06145578 14.2457 14.8832 15.8560 17.0558 18.0801 14.7771 15.0380 15.4484 15.8961 16.2846 2.504e-01 2.950e-01 4.695e-01 9.725e-01 1.000e+00 1.863e-01 1.991e-01 2.439e-01 6.068e-01 9.845e-01 
Segue2           0.06884112 14.3021 14.9195 15.8811 17.0761 18.0801 14.8560 15.1083 15.5141 15.9571 16.3656 2.966e-01 3.428e-01 5.209e-01 9.818e-01 1.000e+00 2.275e-01 2.416e-01 2.901e-01 6.586e-01 9.898e-01 
Segue2           0.07711397 14.3615 14.9679 15.9290 17.0989 18.0921 14.9327 15.1761 15.5676 16.0166 16.4448 3.500e-01 3.969e-01 5.729e-01 9.878e-01 1.000e+00 2.769e-01 2.921e-01 3.442e-01 7.105e-01 9.938e-01 
Segue2           0.08638100 14.4195 15.0167 15.9811 17.1142 18.1067 15.0055 15.2376 15.6054 16.0907 16.5067 4.111e-01 4.582e-01 6.289e-01 9.922e-01 1.000e+00 3.356e-01 3.518e-01 4.059e-01 7.652e-01 9.963e-01 
Segue2           0.09676168 14.4788 15.0696 16.0207 17.1265 18.1067 15.0799 15.2942 15.6513 16.1591 16.5727 4.806e-01 5.265e-01 6.866e-01 9.954e-01 1.000e+00 4.047e-01 4.215e-01 4.765e-01 8.140e-01 9.978e-01 
Segue2           0.10838984 14.5336 15.1155 16.0640 17.1783 18.1067 15.1488 15.3448 15.7052 16.2208 16.6486 5.589e-01 6.014e-01 7.451e-01 9.975e-01 1.000e+00 4.857e-01 5.024e-01 5.560e-01 8.571e-01 9.988e-01 
Segue2           0.12141539 14.5763 15.1416 16.1077 17.2142 18.1226 15.2107 15.3833 15.7570 16.2811 16.7188 6.456e-01 6.836e-01 8.063e-01 9.987e-01 1.000e+00 5.794e-01 5.948e-01 6.442e-01 8.972e-01 9.993e-01 
Segue2           0.13600627 14.6172 15.1700 16.1376 17.2360 18.1242 15.2603 15.4281 15.7947 16.3439 16.7837 7.392e-01 7.697e-01 8.654e-01 9.993e-01 1.000e+00 6.844e-01 6.972e-01 7.383e-01 9.340e-01 9.997e-01 
Segue2           0.15235057 14.6489 15.1946 16.1741 17.2458 18.1359 15.2978 15.4687 15.8361 16.3837 16.8363 8.362e-01 8.568e-01 9.200e-01 9.997e-01 1.000e+00 7.974e-01 8.064e-01 8.357e-01 9.634e-01 9.999e-01 
Segue2           0.17065902 14.6837 15.2198 16.1981 17.2554 18.1398 15.3075 15.5002 15.8663 16.4288 16.8776 9.286e-01 9.383e-01 9.670e-01 9.999e-01 1.000e+00 9.095e-01 9.140e-01 9.285e-01 9.860e-01 1.000e+00 
Segue2           0.19116766 14.7072 15.2290 16.2078 17.2688 18.1398 15.3135 15.5227 15.8897 16.4511 16.9082 9.971e-01 9.975e-01 9.988e-01 1.000e+00 1.000e+00 9.962e-01 9.965e-01 9.971e-01 9.995e-01 1.000e+00 
Segue2           0.21414089 14.7081 15.2292 16.2084 17.2692 18.1398 15.3136 15.5234 15.8907 16.4525 16.9097 1.000e+00 1.000e+00 1.000e+00 1.000e+00 1.000e+00 1.000e+00 1.000e+00 1.000e+00 1.000e+00 1.000e+00 
Segue2           0.23987488 14.7081 15.2292 16.2084 17.2692 18.1398 15.3136 15.5234 15.8907 16.4525 16.9097 1.000e+00 1.000e+00 1.000e+00 1.000e+00 1.000e+00 1.000e+00 1.000e+00 1.000e+00 1.000e+00 1.000e+00 
Segue2           0.26870141 14.7081 15.2292 16.2084 17.2692 18.1398 15.3136 15.5234 15.8907 16.4525 16.9097 1.000e+00 1.000e+00 1.000e+00 1.000e+00 1.000e+00 1.000e+00 1.000e+00 1.000e+00 1.000e+00 1.000e+00 
Segue2           0.30099211 14.7081 15.2292 16.2084 17.2692 18.1398 15.3136 15.5234 15.8907 16.4525 16.9097 1.000e+00 1.000e+00 1.000e+00 1.000e+00 1.000e+00 1.000e+00 1.000e+00 1.000e+00 1.000e+00 1.000e+00 
Segue2           0.33716329 14.7081 15.2292 16.2084 17.2692 18.1398 15.3136 15.5234 15.8907 16.4525 16.9097 1.000e+00 1.000e+00 1.000e+00 1.000e+00 1.000e+00 1.000e+00 1.000e+00 1.000e+00 1.000e+00 1.000e+00 
Segue2           0.37768127 14.7081 15.2292 16.2084 17.2692 18.1398 15.3136 15.5234 15.8907 16.4525 16.9097 1.000e+00 1.000e+00 1.000e+00 1.000e+00 1.000e+00 1.000e+00 1.000e+00 1.000e+00 1.000e+00 1.000e+00 
Segue2           0.42306843 14.7081 15.2292 16.2084 17.2692 18.1398 15.3136 15.5234 15.8907 16.4525 16.9097 1.000e+00 1.000e+00 1.000e+00 1.000e+00 1.000e+00 1.000e+00 1.000e+00 1.000e+00 1.000e+00 1.000e+00 
Segue2           0.47390991 14.7081 15.2292 16.2084 17.2692 18.1398 15.3136 15.5234 15.8907 16.4525 16.9097 1.000e+00 1.000e+00 1.000e+00 1.000e+00 1.000e+00 1.000e+00 1.000e+00 1.000e+00 1.000e+00 1.000e+00 
Segue2           0.53086117 14.7081 15.2292 16.2084 17.2692 18.1398 15.3136 15.5234 15.8907 16.4525 16.9097 1.000e+00 1.000e+00 1.000e+00 1.000e+00 1.000e+00 1.000e+00 1.000e+00 1.000e+00 1.000e+00 1.000e+00 
Segue2           0.59465645 14.7081 15.2292 16.2084 17.2692 18.1398 15.3136 15.5234 15.8907 16.4525 16.9097 1.000e+00 1.000e+00 1.000e+00 1.000e+00 1.000e+00 1.000e+00 1.000e+00 1.000e+00 1.000e+00 1.000e+00 
Segue2           0.66611821 14.7081 15.2292 16.2084 17.2692 18.1398 15.3136 15.5234 15.8907 16.4525 16.9097 1.000e+00 1.000e+00 1.000e+00 1.000e+00 1.000e+00 1.000e+00 1.000e+00 1.000e+00 1.000e+00 1.000e+00 
Segue2           0.74616775 14.7081 15.2292 16.2084 17.2692 18.1398 15.3136 15.5234 15.8907 16.4525 16.9097 1.000e+00 1.000e+00 1.000e+00 1.000e+00 1.000e+00 1.000e+00 1.000e+00 1.000e+00 1.000e+00 1.000e+00 
Segue2           0.83583710 14.7081 15.2292 16.2084 17.2692 18.1398 15.3136 15.5234 15.8907 16.4525 16.9097 1.000e+00 1.000e+00 1.000e+00 1.000e+00 1.000e+00 1.000e+00 1.000e+00 1.000e+00 1.000e+00 1.000e+00 
Segue2           0.93628230 14.7081 15.2292 16.2084 17.2692 18.1398 15.3136 15.5234 15.8907 16.4525 16.9097 1.000e+00 1.000e+00 1.000e+00 1.000e+00 1.000e+00 1.000e+00 1.000e+00 1.000e+00 1.000e+00 1.000e+00 
Segue2           1.04879832 14.7081 15.2292 16.2084 17.2692 18.1398 15.3136 15.5234 15.8907 16.4525 16.9097 1.000e+00 1.000e+00 1.000e+00 1.000e+00 1.000e+00 1.000e+00 1.000e+00 1.000e+00 1.000e+00 1.000e+00 
Segue2           1.17483576 14.7081 15.2292 16.2084 17.2692 18.1398 15.3136 15.5234 15.8907 16.4525 16.9097 1.000e+00 1.000e+00 1.000e+00 1.000e+00 1.000e+00 1.000e+00 1.000e+00 1.000e+00 1.000e+00 1.000e+00 
Segue2           1.31601950 14.7081 15.2292 16.2084 17.2692 18.1398 15.3136 15.5234 15.8907 16.4525 16.9097 1.000e+00 1.000e+00 1.000e+00 1.000e+00 1.000e+00 1.000e+00 1.000e+00 1.000e+00 1.000e+00 1.000e+00 
Segue2           1.47416975 14.7081 15.2292 16.2084 17.2692 18.1398 15.3136 15.5234 15.8907 16.4525 16.9097 1.000e+00 1.000e+00 1.000e+00 1.000e+00 1.000e+00 1.000e+00 1.000e+00 1.000e+00 1.000e+00 1.000e+00 
Segue2           1.65132542 14.7081 15.2292 16.2084 17.2692 18.1398 15.3136 15.5234 15.8907 16.4525 16.9097 1.000e+00 1.000e+00 1.000e+00 1.000e+00 1.000e+00 1.000e+00 1.000e+00 1.000e+00 1.000e+00 1.000e+00 
Segue2           1.84977045 14.7081 15.2292 16.2084 17.2692 18.1398 15.3136 15.5234 15.8907 16.4525 16.9097 1.000e+00 1.000e+00 1.000e+00 1.000e+00 1.000e+00 1.000e+00 1.000e+00 1.000e+00 1.000e+00 1.000e+00 
Segue2           2.07206325 14.7081 15.2292 16.2084 17.2692 18.1398 15.3136 15.5234 15.8907 16.4525 16.9097 1.000e+00 1.000e+00 1.000e+00 1.000e+00 1.000e+00 1.000e+00 1.000e+00 1.000e+00 1.000e+00 1.000e+00 
Segue2           2.32106968 14.7081 15.2292 16.2084 17.2692 18.1398 15.3136 15.5234 15.8907 16.4525 16.9097 1.000e+00 1.000e+00 1.000e+00 1.000e+00 1.000e+00 1.000e+00 1.000e+00 1.000e+00 1.000e+00 1.000e+00 
Segue2           2.60000000 14.7081 15.2292 16.2084 17.2692 18.1398 15.3136 15.5234 15.8907 16.4525 16.9097 1.000e+00 1.000e+00 1.000e+00 1.000e+00 1.000e+00 1.000e+00 1.000e+00 1.000e+00 1.000e+00 1.000e+00 

