0.003 9.53468e+16
0.006 3.07682e+17
0.009 5.83412e+17
0.012 8.9649e+17
0.015 1.23175e+18
0.018 1.5796e+18
0.021 1.93365e+18
0.024 2.28955e+18
0.027 2.64425e+18
0.03 2.99558e+18
0.033 3.34203e+18
0.036 3.68253e+18
0.039 4.01633e+18
0.042 4.34291e+18
0.045 4.66194e+18
0.048 4.97325e+18
0.051 5.27673e+18
0.054 5.57236e+18
0.057 5.86019e+18
0.06 6.14031e+18
0.063 6.41283e+18
0.066 6.67788e+18
0.069 6.93564e+18
0.072 7.18628e+18
0.075 7.42996e+18
0.078 7.66689e+18
0.081 7.89723e+18
0.084 8.12119e+18
0.087 8.33895e+18
0.09 8.55069e+18
0.093 8.7566e+18
0.096 8.95686e+18
0.099 9.15166e+18
0.102 9.34114e+18
0.105 9.52548e+18
0.108 9.70485e+18
0.111 9.8794e+18
0.114 1.00493e+19
0.117 1.02146e+19
0.12 1.03756e+19
0.123 1.05324e+19
0.126 1.0685e+19
0.129 1.08337e+19
0.132 1.09785e+19
0.135 1.11196e+19
0.138 1.12571e+19
0.141 1.13911e+19
0.144 1.15217e+19
0.147 1.16491e+19
0.15 1.17732e+19
0.153 1.18942e+19
0.156 1.20123e+19
0.159 1.21277e+19
0.162 1.22398e+19
0.165 1.23494e+19
0.168 1.24563e+19
0.171 1.25607e+19
0.174 1.26626e+19
0.177 1.27621e+19
0.18 1.28592e+19
0.183 1.2954e+19
0.186 1.30467e+19
0.189 1.31371e+19
0.192 1.32255e+19
0.195 1.33118e+19
0.198 1.33962e+19
0.201 1.34786e+19
0.204 1.35592e+19
0.207 1.3638e+19
0.21 1.3715e+19
0.213 1.37903e+19
0.216 1.38639e+19
0.219 1.39359e+19
0.222 1.40063e+19
0.225 1.40752e+19
0.228 1.41426e+19
0.231 1.42085e+19
0.234 1.42731e+19
0.237 1.43362e+19
0.24 1.4398e+19
0.243 1.44585e+19
0.246 1.45177e+19
0.249 1.45756e+19
0.252 1.46324e+19
0.255 1.4688e+19
0.258 1.47424e+19
0.261 1.47957e+19
0.264 1.48479e+19
0.267 1.4899e+19
0.27 1.49491e+19
0.273 1.49982e+19
0.276 1.50463e+19
0.279 1.50935e+19
0.282 1.51397e+19
0.285 1.5185e+19
0.288 1.52294e+19
0.291 1.52729e+19
0.294 1.53156e+19
0.297 1.53574e+19
0.3 1.53984e+19
0.303 1.54386e+19
0.306 1.54781e+19
0.309 1.55168e+19
0.312 1.55547e+19
0.315 1.5592e+19
0.318 1.56288e+19
0.321 1.56643e+19
0.324 1.56995e+19
0.327 1.5734e+19
0.33 1.57679e+19
0.333 1.58011e+19
0.336 1.58337e+19
0.339 1.58657e+19
0.342 1.58972e+19
0.345 1.5928e+19
0.348 1.59583e+19
0.351 1.59881e+19
0.354 1.60173e+19
0.357 1.6046e+19
0.36 1.60741e+19
0.363 1.61018e+19
0.366 1.6129e+19
0.369 1.61557e+19
0.372 1.61819e+19
0.375 1.62077e+19
0.378 1.6233e+19
0.381 1.62579e+19
0.384 1.62823e+19
0.387 1.63063e+19
0.39 1.63299e+19
0.393 1.63531e+19
0.396 1.63758e+19
0.399 1.63982e+19
0.402 1.64203e+19
0.405 1.64419e+19
0.408 1.64632e+19
0.411 1.64841e+19
0.414 1.65047e+19
0.417 1.65249e+19
0.42 1.65448e+19
0.423 1.65643e+19
0.426 1.65836e+19
0.429 1.66025e+19
0.432 1.66211e+19
0.435 1.66394e+19
0.438 1.66574e+19
0.441 1.66751e+19
0.444 1.66925e+19
0.447 1.67096e+19
0.45 1.67265e+19
0.453 1.6743e+19
0.456 1.67594e+19
0.459 1.67754e+19
0.462 1.67912e+19
0.465 1.68068e+19
0.468 1.68221e+19
0.471 1.68372e+19
0.474 1.6852e+19
0.477 1.68666e+19
0.48 1.68809e+19
0.483 1.68951e+19
0.486 1.6909e+19
0.489 1.69227e+19
0.492 1.69362e+19
0.495 1.69494e+19
0.498 1.69625e+19
0.501 1.69754e+19
0.504 1.69881e+19
0.507 1.70005e+19
0.51 1.70128e+19
0.513 1.70249e+19
0.516 1.70369e+19
0.519 1.70486e+19
0.522 1.70602e+19
0.525 1.70716e+19
0.528 1.70828e+19
0.531 1.70939e+19
0.534 1.71047e+19
0.537 1.71155e+19
0.54 1.7126e+19
0.543 1.71365e+19
0.546 1.71467e+19
0.549 1.71568e+19
0.552 1.71668e+19
0.555 1.71766e+19
0.558 1.71863e+19
0.561 1.71958e+19
0.564 1.72052e+19
0.567 1.72145e+19
0.57 1.72236e+19
0.573 1.72326e+19
0.576 1.72415e+19
0.579 1.72502e+19
0.582 1.72588e+19
0.585 1.72673e+19
0.588 1.72757e+19
0.591 1.72839e+19
0.594 1.72921e+19
0.597 1.73001e+19
0.6 1.7308e+19
0.603 1.73158e+19
0.606 1.73235e+19
0.609 1.73311e+19
0.612 1.73386e+19
0.615 1.73459e+19
0.618 1.73532e+19
0.621 1.73604e+19
0.624 1.73675e+19
0.627 1.73744e+19
0.63 1.73813e+19
0.633 1.73884e+19
0.636 1.73951e+19
0.639 1.74014e+19
0.642 1.74079e+19
0.645 1.74143e+19
0.648 1.74207e+19
0.651 1.74269e+19
0.654 1.74331e+19
0.657 1.74392e+19
0.66 1.74452e+19
0.663 1.74511e+19
0.666 1.7457e+19
0.669 1.74627e+19
0.672 1.74684e+19
0.675 1.7474e+19
0.678 1.74796e+19
0.681 1.7485e+19
0.684 1.74904e+19
0.687 1.74958e+19
0.69 1.7501e+19
0.693 1.75062e+19
0.696 1.75113e+19
0.699 1.75164e+19
0.702 1.75213e+19
0.705 1.75263e+19
0.708 1.75311e+19
0.711 1.75359e+19
0.714 1.75407e+19
0.717 1.75453e+19
0.72 1.75499e+19
0.723 1.75545e+19
0.726 1.7559e+19
0.729 1.75634e+19
0.732 1.75678e+19
0.735 1.75721e+19
0.738 1.75764e+19
0.741 1.75806e+19
0.744 1.75848e+19
0.747 1.75889e+19
0.75 1.7593e+19
0.753 1.7597e+19
0.756 1.76009e+19
0.759 1.76049e+19
0.762 1.76087e+19
0.765 1.76126e+19
0.768 1.76163e+19
0.771 1.762e+19
0.774 1.76237e+19
0.777 1.76273e+19
0.78 1.76309e+19
0.783 1.76345e+19
0.786 1.76379e+19
0.789 1.76414e+19
0.792 1.76448e+19
0.795 1.76482e+19
0.798 1.76515e+19
0.801 1.76548e+19
0.804 1.76581e+19
0.807 1.76613e+19
0.81 1.76644e+19
0.813 1.76676e+19
0.816 1.76707e+19
0.819 1.76737e+19
0.822 1.76767e+19
0.825 1.76797e+19
0.828 1.76827e+19
0.831 1.76856e+19
0.834 1.76885e+19
0.837 1.76913e+19
0.84 1.76941e+19
0.843 1.76969e+19
0.846 1.76996e+19
0.849 1.77024e+19
0.852 1.7705e+19
0.855 1.77077e+19
0.858 1.77103e+19
0.861 1.77129e+19
0.864 1.77155e+19
0.867 1.7718e+19
0.87 1.77205e+19
0.873 1.7723e+19
0.876 1.77254e+19
0.879 1.77278e+19
0.882 1.77302e+19
0.885 1.77326e+19
0.888 1.77349e+19
0.891 1.77372e+19
0.894 1.77395e+19
0.897 1.77417e+19
0.9 1.7744e+19
0.903 1.77462e+19
0.906 1.77483e+19
0.909 1.77505e+19
0.912 1.77526e+19
0.915 1.77547e+19
0.918 1.77568e+19
0.921 1.77588e+19
0.924 1.77609e+19
0.927 1.77629e+19
0.93 1.77649e+19
0.933 1.77668e+19
0.936 1.77688e+19
0.939 1.77707e+19
0.942 1.77726e+19
0.945 1.77744e+19
0.948 1.77763e+19
0.951 1.77781e+19
0.954 1.778e+19
0.957 1.77818e+19
0.96 1.77835e+19
0.963 1.77853e+19
0.966 1.7787e+19
0.969 1.77887e+19
0.972 1.77904e+19
0.975 1.77921e+19
0.978 1.77937e+19
0.981 1.77954e+19
0.984 1.7797e+19
0.987 1.77986e+19
0.99 1.78002e+19
0.993 1.78018e+19
0.996 1.78033e+19
0.999 1.78049e+19
1.002 1.78064e+19
1.005 1.78079e+19
1.008 1.78094e+19
1.011 1.78108e+19
1.014 1.78123e+19
1.017 1.78137e+19
1.02 1.78151e+19
1.023 1.78166e+19
1.026 1.78179e+19
1.029 1.782e+19
1.032 1.78207e+19
1.035 1.7822e+19
1.038 1.78234e+19
1.041 1.78247e+19
1.044 1.7826e+19
1.047 1.78273e+19
1.05 1.78286e+19
1.053 1.78298e+19
1.056 1.78311e+19
1.059 1.78323e+19
1.062 1.78335e+19
1.065 1.78347e+19
1.068 1.78359e+19
1.071 1.78371e+19
1.074 1.78383e+19
1.077 1.78394e+19
1.08 1.78406e+19
1.083 1.78417e+19
1.086 1.78429e+19
1.089 1.7844e+19
1.092 1.78451e+19
1.095 1.78462e+19
1.098 1.78472e+19
1.101 1.78483e+19
1.104 1.78494e+19
1.107 1.78504e+19
1.11 1.78514e+19
1.113 1.78525e+19
1.116 1.78535e+19
1.119 1.78545e+19
1.122 1.78555e+19
1.125 1.78564e+19
1.128 1.78574e+19
1.131 1.78584e+19
1.134 1.78593e+19
1.137 1.78603e+19
1.14 1.78612e+19
1.143 1.78621e+19
1.146 1.7863e+19
1.149 1.78639e+19
1.152 1.78648e+19
1.155 1.78657e+19
1.158 1.78666e+19
1.161 1.78674e+19
1.164 1.78683e+19
1.167 1.78692e+19
1.17 1.787e+19
1.173 1.78708e+19
1.176 1.78716e+19
1.179 1.78725e+19
1.182 1.78732e+19
1.185 1.7874e+19
1.188 1.78748e+19
1.191 1.78756e+19
1.194 1.78764e+19
1.197 1.78771e+19
1.2 1.78779e+19
1.203 1.78787e+19
1.206 1.78794e+19
1.209 1.78801e+19
1.212 1.78809e+19
1.215 1.78816e+19
1.218 1.78823e+19
1.221 1.78833e+19
1.224 1.78837e+19
1.227 1.78844e+19
1.23 1.78851e+19
1.233 1.78857e+19
1.236 1.78864e+19
1.239 1.78871e+19
1.242 1.78877e+19
1.245 1.78884e+19
1.248 1.7889e+19
1.251 1.78897e+19
1.254 1.78903e+19
1.257 1.78909e+19
1.26 1.78915e+19
1.263 1.78921e+19
1.266 1.7893e+19
1.269 1.78936e+19
1.272 1.78942e+19
1.275 1.78945e+19
1.278 1.78951e+19
1.281 1.78957e+19
1.284 1.78963e+19
1.287 1.78968e+19
1.29 1.78974e+19
1.293 1.78979e+19
1.296 1.78985e+19
1.299 1.7899e+19
1.302 1.78996e+19
1.305 1.79001e+19
1.308 1.79006e+19
1.311 1.79011e+19
1.314 1.79016e+19
1.317 1.79022e+19
1.32 1.79027e+19
1.323 1.79032e+19
1.326 1.79037e+19
1.329 1.79042e+19
1.332 1.79046e+19
1.335 1.79051e+19
1.338 1.79056e+19
1.341 1.79061e+19
1.344 1.79065e+19
1.347 1.7907e+19
1.35 1.79074e+19
1.353 1.79079e+19
1.356 1.79083e+19
1.359 1.79088e+19
1.362 1.79092e+19
1.365 1.79097e+19
1.368 1.79101e+19
1.371 1.79105e+19
1.374 1.7911e+19
1.377 1.79113e+19
1.38 1.79118e+19
1.383 1.79122e+19
1.386 1.79126e+19
1.389 1.79129e+19
1.392 1.79134e+19
1.395 1.79138e+19
1.398 1.79142e+19
1.401 1.79145e+19
1.404 1.79149e+19
1.407 1.79153e+19
1.41 1.79157e+19
1.413 1.7916e+19
1.416 1.79164e+19
1.419 1.79168e+19
1.422 1.79171e+19
1.425 1.79175e+19
1.428 1.79178e+19
1.431 1.79182e+19
1.434 1.79185e+19
1.437 1.79189e+19
1.44 1.79192e+19
1.443 1.79195e+19
1.446 1.79199e+19
1.449 1.79202e+19
1.452 1.79205e+19
1.455 1.79208e+19
1.458 1.79211e+19
1.461 1.79218e+19
1.464 1.79218e+19
1.467 1.79221e+19
1.47 1.79224e+19
1.473 1.79227e+19
1.476 1.7923e+19
1.479 1.79233e+19
1.482 1.79236e+19
1.485 1.79239e+19
1.488 1.79241e+19
1.491 1.79244e+19
1.494 1.79247e+19
1.497 1.7925e+19
1.5 1.79253e+19
1.503 1.79255e+19
1.506 1.79258e+19
1.509 1.79261e+19
1.512 1.79263e+19
1.515 1.79266e+19
1.518 1.79269e+19
1.521 1.79271e+19
1.524 1.79274e+19
1.527 1.79276e+19
1.53 1.79279e+19
1.533 1.79281e+19
1.536 1.79283e+19
1.539 1.79286e+19
1.542 1.79288e+19
1.545 1.7929e+19
1.548 1.79293e+19
1.551 1.79295e+19
1.554 1.79297e+19
1.557 1.793e+19
1.56 1.79302e+19
1.563 1.79304e+19
1.566 1.79306e+19
1.569 1.79308e+19
1.572 1.7931e+19
1.575 1.79312e+19
1.578 1.79314e+19
1.581 1.79316e+19
1.584 1.79318e+19
1.587 1.7932e+19
1.59 1.79322e+19
1.593 1.79324e+19
1.596 1.79326e+19
1.599 1.79328e+19
1.602 1.7933e+19
1.605 1.79332e+19
1.608 1.79334e+19
1.611 1.79336e+19
1.614 1.79337e+19
1.617 1.79339e+19
1.62 1.79341e+19
1.623 1.79343e+19
1.626 1.79344e+19
1.629 1.79346e+19
1.632 1.79348e+19
1.635 1.79349e+19
1.638 1.79351e+19
1.641 1.79353e+19
1.644 1.79354e+19
1.647 1.79356e+19
1.65 1.79357e+19
1.653 1.79359e+19
1.656 1.7936e+19
1.659 1.79362e+19
1.662 1.79363e+19
1.665 1.79365e+19
1.668 1.79366e+19
1.671 1.79368e+19
1.674 1.79369e+19
1.677 1.7937e+19
1.68 1.79372e+19
1.683 1.79373e+19
1.686 1.79375e+19
1.689 1.79376e+19
1.692 1.79377e+19
1.695 1.79523e+19
1.698 1.7938e+19
1.701 1.79381e+19
1.704 1.79382e+19
1.707 1.79384e+19
1.71 1.79385e+19
1.713 1.79386e+19
1.716 1.79387e+19
1.719 1.79388e+19
1.722 1.79389e+19
1.725 1.7939e+19
1.728 1.79391e+19
1.731 1.79393e+19
1.734 1.79394e+19
1.737 1.79395e+19
1.74 1.79396e+19
1.743 1.79397e+19
1.746 1.79398e+19
1.749 1.79399e+19
1.752 1.79399e+19
1.755 1.794e+19
1.758 1.79401e+19
1.761 1.79402e+19
1.764 1.79403e+19
1.767 1.79404e+19
1.77 1.79405e+19
1.773 1.79406e+19
1.776 1.79406e+19
1.779 1.79408e+19
1.782 1.79408e+19
1.785 1.79409e+19
1.788 1.79409e+19
1.791 1.7941e+19
1.794 1.79411e+19
1.797 1.79412e+19
1.8 1.79412e+19
1.803 1.79413e+19
1.806 1.79413e+19
1.809 1.79414e+19
1.812 1.79415e+19
1.815 1.79415e+19
1.818 1.79416e+19
1.821 1.79416e+19
1.824 1.79417e+19
1.827 1.79417e+19
1.83 1.79418e+19
1.833 1.79418e+19
1.836 1.79419e+19
1.839 1.79419e+19
1.842 1.7942e+19
1.845 1.7942e+19
1.848 1.7942e+19
1.851 1.79421e+19
1.854 1.79421e+19
1.857 1.79421e+19
1.86 1.79421e+19
1.863 1.79422e+19
1.866 1.79422e+19
1.869 1.79422e+19
1.872 1.79422e+19
1.875 1.79422e+19
1.878 1.79422e+19
1.881 1.79422e+19
1.884 1.79422e+19
1.887 1.79421e+19
1.89 1.79421e+19
1.893 1.79418e+19
1.896 1.79419e+19
1.899 1.7942e+19
1.902 1.7942e+19
1.905 1.7942e+19
1.908 1.79421e+19
1.911 1.79421e+19
1.914 1.79422e+19
1.917 1.79422e+19
1.92 1.79422e+19
1.923 1.79423e+19
1.926 1.79423e+19
1.929 1.79423e+19
1.932 1.79424e+19
1.935 1.79424e+19
1.938 1.79424e+19
1.941 1.79424e+19
1.944 1.79425e+19
1.947 1.79425e+19
1.95 1.79425e+19
1.953 1.79425e+19
1.956 1.79425e+19
1.959 1.79425e+19
1.962 1.79425e+19
1.965 1.79426e+19
1.968 1.79426e+19
1.971 1.79426e+19
1.974 1.79425e+19
1.977 1.79425e+19
1.98 1.79425e+19
1.983 1.79425e+19
1.986 1.79425e+19
1.989 1.79425e+19
1.992 1.79425e+19
1.995 1.79424e+19
1.998 1.79424e+19
2.001 1.79423e+19
2.004 1.79423e+19
2.007 1.79424e+19
2.01 1.79423e+19
2.013 1.79423e+19
2.016 1.79423e+19
2.019 1.79423e+19
2.022 1.79423e+19
2.025 1.79422e+19
2.028 1.79422e+19
2.031 1.79422e+19
2.034 1.79422e+19
2.037 1.79422e+19
2.04 1.79422e+19
2.043 1.79421e+19
2.046 1.79421e+19
2.049 1.79421e+19
2.052 1.79422e+19
2.055 1.79422e+19
2.058 1.79422e+19
2.061 1.79422e+19
2.064 1.79422e+19
2.067 1.79422e+19
2.07 1.79422e+19
2.073 1.79422e+19
2.076 1.79423e+19
2.079 1.79424e+19
2.082 1.79424e+19
2.085 1.79424e+19
2.088 1.79424e+19
2.091 1.79424e+19
2.094 1.79424e+19
2.097 1.79424e+19
2.1 1.79424e+19
2.103 1.79424e+19
2.106 1.79424e+19
2.109 1.79423e+19
2.112 1.79424e+19
2.115 1.79424e+19
2.118 1.79424e+19
2.121 1.79425e+19
2.124 1.79425e+19
2.127 1.79425e+19
2.13 1.79425e+19
2.133 1.79426e+19
2.136 1.79426e+19
2.139 1.79426e+19
2.142 1.79426e+19
2.145 1.79426e+19
2.148 1.79426e+19
2.151 1.79427e+19
2.154 1.79427e+19
2.157 1.79427e+19
2.16 1.79427e+19
2.163 1.79427e+19
2.166 1.79427e+19
2.169 1.79427e+19
2.172 1.79427e+19
2.175 1.79422e+19
2.178 1.79422e+19
2.181 1.79421e+19
2.184 1.7942e+19
2.187 1.7942e+19
2.19 1.79421e+19
2.193 1.79421e+19
2.196 1.79421e+19
2.199 1.79421e+19
2.202 1.79422e+19
2.205 1.79423e+19
2.208 1.79423e+19
2.211 1.79423e+19
2.214 1.79424e+19
2.217 1.79424e+19
2.22 1.79424e+19
2.223 1.79424e+19
2.226 1.79424e+19
2.229 1.79423e+19
2.232 1.79424e+19
2.235 1.79423e+19
2.238 1.79423e+19
2.241 1.79422e+19
2.244 1.79422e+19
2.247 1.79421e+19
2.25 1.79421e+19
2.253 1.79422e+19
2.256 1.79422e+19
2.259 1.79422e+19
2.262 1.79422e+19
2.265 1.79422e+19
2.268 1.79422e+19
2.271 1.79423e+19
2.274 1.79423e+19
2.277 1.79423e+19
2.28 1.79423e+19
2.283 1.79423e+19
2.286 1.79422e+19
2.289 1.79422e+19
2.292 1.79422e+19
2.295 1.79422e+19
2.298 1.79421e+19
2.301 1.79422e+19
2.304 1.7942e+19
2.307 1.7942e+19
2.31 1.7942e+19
2.313 1.79421e+19
2.316 1.79421e+19
2.319 1.79425e+19
2.322 1.79424e+19
2.325 1.79424e+19
2.328 1.79424e+19
2.331 1.79424e+19
2.334 1.79424e+19
2.337 1.79424e+19
2.34 1.79424e+19
2.343 1.79424e+19
2.346 1.79424e+19
2.349 1.79423e+19
2.352 1.79423e+19
2.355 1.79423e+19
2.358 1.79422e+19
2.361 1.79421e+19
2.364 1.7942e+19
2.367 1.79419e+19
2.37 1.79417e+19
2.373 1.79417e+19
2.376 1.79417e+19
2.379 1.79418e+19
2.382 1.79429e+19
2.385 1.79429e+19
2.388 1.79429e+19
2.391 1.79429e+19
2.394 1.79429e+19
2.397 1.79429e+19
2.4 1.79429e+19
2.403 1.79429e+19
2.406 1.79429e+19
2.409 1.79428e+19
2.412 1.79428e+19
2.415 1.79428e+19
2.418 1.79428e+19
2.421 1.79422e+19
2.424 1.79422e+19
2.427 1.79422e+19
2.43 1.79423e+19
2.433 1.79423e+19
2.436 1.79423e+19
2.439 1.79423e+19
2.442 1.79426e+19
2.445 1.79423e+19
2.448 1.79423e+19
2.451 1.79423e+19
2.454 1.79423e+19
2.457 1.79423e+19
2.46 1.79423e+19
2.463 1.79423e+19
2.466 1.79422e+19
2.469 1.79422e+19
2.472 1.79421e+19
2.475 1.79421e+19
2.478 1.79421e+19
2.481 1.79421e+19
2.484 1.79421e+19
2.487 1.79422e+19
2.49 1.79422e+19
2.493 1.79422e+19
2.496 1.79422e+19
2.499 1.79422e+19
2.502 1.79422e+19
2.505 1.79422e+19
2.508 1.79421e+19
2.511 1.79421e+19
2.514 1.7942e+19
2.517 1.7942e+19
2.52 1.79421e+19
2.523 1.79421e+19
2.526 1.79421e+19
2.529 1.79421e+19
2.532 1.79424e+19
2.535 1.79425e+19
2.538 1.79425e+19
2.541 1.79425e+19
2.544 1.79425e+19
2.547 1.79425e+19
2.55 1.79423e+19
2.553 1.79423e+19
2.556 1.79423e+19
2.559 1.79423e+19
2.562 1.79423e+19
2.565 1.79423e+19
2.568 1.79424e+19
2.571 1.79424e+19
2.574 1.79424e+19
2.577 1.79424e+19
2.58 1.79424e+19
2.583 1.79424e+19
2.586 1.79424e+19
2.589 1.79424e+19
2.592 1.79424e+19
2.595 1.79423e+19
2.598 1.79423e+19
2.601 1.79423e+19
2.604 1.79423e+19
2.607 1.79423e+19
2.61 1.79422e+19
2.613 1.79422e+19
2.616 1.79421e+19
2.619 1.79422e+19
2.622 1.79422e+19
2.625 1.79422e+19
2.628 1.79422e+19
2.631 1.79422e+19
2.634 1.79422e+19
2.637 1.79422e+19
2.64 1.79422e+19
2.643 1.79421e+19
2.646 1.79421e+19
2.649 1.79422e+19
2.652 1.79422e+19
2.655 1.79422e+19
2.658 1.79422e+19
2.661 1.79422e+19
2.664 1.79422e+19
2.667 1.79423e+19
2.67 1.79423e+19
2.673 1.79423e+19
2.676 1.79423e+19
2.679 1.79423e+19
2.682 1.79423e+19
2.685 1.79423e+19
2.688 1.79422e+19
2.691 1.79422e+19
2.694 1.79422e+19
2.697 1.79422e+19
2.7 1.79423e+19
2.703 1.79423e+19
2.706 1.79423e+19
2.709 1.79423e+19
2.712 1.79423e+19
2.715 1.79424e+19
2.718 1.79424e+19
2.721 1.79424e+19
2.724 1.79424e+19
2.727 1.79424e+19
2.73 1.79424e+19
2.733 1.79424e+19
2.736 1.79424e+19
2.739 1.79424e+19
2.742 1.79425e+19
2.745 1.79429e+19
2.748 1.79429e+19
2.751 1.79429e+19
2.754 1.79429e+19
2.757 1.79429e+19
2.76 1.79429e+19
2.763 1.79428e+19
2.766 1.79428e+19
2.769 1.79428e+19
2.772 1.79422e+19
2.775 1.79422e+19
2.778 1.79422e+19
2.781 1.79423e+19
2.784 1.79423e+19
2.787 1.79423e+19
2.79 1.79423e+19
2.793 1.79422e+19
2.796 1.79422e+19
2.799 1.79422e+19
2.802 1.79422e+19
2.805 1.79422e+19
2.808 1.79421e+19
2.811 1.79422e+19
2.814 1.79422e+19
2.817 1.79421e+19
2.82 1.79422e+19
2.823 1.79422e+19
2.826 1.79422e+19
2.829 1.79422e+19
2.832 1.79422e+19
2.835 1.79422e+19
2.838 1.79422e+19
2.841 1.79422e+19
2.844 1.79422e+19
2.847 1.79422e+19
2.85 1.79423e+19
2.853 1.79423e+19
2.856 1.79423e+19
2.859 1.79423e+19
2.862 1.79423e+19
2.865 1.79423e+19
2.868 1.79423e+19
2.871 1.79423e+19
2.874 1.79423e+19
2.877 1.79423e+19
2.88 1.79423e+19
2.883 1.79422e+19
2.886 1.79422e+19
2.889 1.79422e+19
2.892 1.79422e+19
2.895 1.79421e+19
2.898 1.7942e+19
2.901 1.79419e+19
2.904 1.7942e+19
2.907 1.79425e+19
2.91 1.79425e+19
2.913 1.79425e+19
2.916 1.79425e+19
2.919 1.79429e+19
2.922 1.79429e+19
2.925 1.79429e+19
2.928 1.79425e+19
2.931 1.79425e+19
2.934 1.79425e+19
2.937 1.79425e+19
2.94 1.79425e+19
2.943 1.79424e+19
2.946 1.79424e+19
2.949 1.79424e+19
2.952 1.79424e+19
2.955 1.79422e+19
2.958 1.79422e+19
2.961 1.79422e+19
2.964 1.79422e+19
2.967 1.79422e+19
2.97 1.79422e+19
2.973 1.79422e+19
2.976 1.79421e+19
2.979 1.79421e+19
2.982 1.79421e+19
2.985 1.79421e+19
2.988 1.79422e+19
2.991 1.79422e+19
2.994 1.79422e+19
2.997 1.79422e+19
