0.02 1.81525e+18
0.04 4.12601e+18
0.06 6.14031e+18
0.08 7.82117e+18
0.1 9.2154e+18
0.12 1.03756e+19
0.14 1.13468e+19
0.16 1.21652e+19
0.18 1.28592e+19
0.2 1.34514e+19
0.22 1.39596e+19
0.24 1.4398e+19
0.26 1.4778e+19
0.28 1.5109e+19
0.3 1.53984e+19
0.32 1.56525e+19
0.34 1.58763e+19
0.36 1.60741e+19
0.38 1.62496e+19
0.4 1.64056e+19
0.42 1.65448e+19
0.44 1.66692e+19
0.46 1.67807e+19
0.48 1.68809e+19
0.5 1.69711e+19
0.52 1.70525e+19
0.54 1.7126e+19
0.56 1.71927e+19
0.58 1.72534e+19
0.6 1.7308e+19
0.62 1.7358e+19
0.64 1.74036e+19
0.66 1.74452e+19
0.68 1.74832e+19
0.7 1.7518e+19
0.72 1.75499e+19
0.74 1.75792e+19
0.76 1.76062e+19
0.78 1.76309e+19
0.8 1.76537e+19
0.82 1.76747e+19
0.84 1.76941e+19
0.86 1.77121e+19
0.88 1.77286e+19
0.9 1.7744e+19
0.92 1.77582e+19
0.94 1.77713e+19
0.96 1.77835e+19
0.98 1.77948e+19
1 1.78054e+19
1.02 1.78151e+19
1.04 1.78242e+19
1.06 1.78327e+19
1.08 1.78406e+19
1.1 1.78479e+19
1.12 1.78548e+19
1.14 1.78612e+19
1.16 1.78675e+19
1.18 1.78727e+19
1.2 1.78779e+19
1.22 1.78828e+19
1.24 1.78873e+19
1.26 1.78915e+19
1.28 1.78955e+19
1.3 1.78992e+19
1.32 1.79027e+19
1.34 1.79059e+19
1.36 1.79089e+19
1.38 1.79118e+19
1.4 1.79144e+19
1.42 1.79169e+19
1.44 1.79192e+19
1.46 1.79217e+19
1.48 1.79234e+19
1.5 1.79253e+19
1.52 1.7927e+19
1.54 1.79286e+19
1.56 1.79302e+19
1.58 1.79316e+19
1.6 1.79329e+19
1.62 1.79341e+19
1.64 1.79352e+19
1.66 1.79362e+19
1.68 1.79372e+19
1.7 1.79381e+19
1.72 1.79389e+19
1.74 1.79396e+19
1.76 1.79402e+19
1.78 1.79408e+19
1.8 1.79412e+19
1.82 1.79416e+19
1.84 1.79419e+19
1.86 1.79421e+19
1.88 1.79422e+19
1.9 1.7942e+19
1.92 1.79422e+19
1.94 1.79424e+19
1.96 1.79425e+19
1.98 1.79425e+19
